0.000 0.000
0.000 -0.000
0.002 -0.000
0.007 -0.000
0.017 -0.000
0.033 -0.000
0.056 -0.000
0.088 -0.000
0.130 -0.000
0.184 -0.000
0.250 -0.000
0.329 -0.000
0.423 -0.000
0.533 -0.000
0.660 -0.000
0.804 -0.000
0.966 -0.000
1.148 -0.000
1.349 -0.000
1.572 -0.000
1.815 -0.000
2.080 -0.000
2.367 -0.000
2.677 -0.000
3.011 -0.000
3.367 -0.000
3.748 -0.000
4.153 -0.000
4.581 -0.000
5.035 -0.000
5.513 -0.000
6.015 -0.000
6.541 -0.000
7.093 -0.000
7.668 -0.000
8.267 -0.000
8.891 -0.000
9.537 -0.000
10.207 -0.000
10.900 -0.000
11.615 -0.000
12.352 -0.000
13.109 -0.000
13.888 -0.000
14.686 -0.000
15.504 -0.000
16.340 -0.000
17.193 -0.000
18.063 -0.000
18.949 -0.000
19.850 -0.000
20.764 -0.000
21.690 -0.000
22.628 -0.000
23.576 -0.000
24.533 -0.000
25.497 -0.000
26.467 -0.000
27.442 -0.000
28.420 -0.000
29.400 -0.000
