71 0.1
0.0 7 0.0
1.2 0.0 0.0

2

10.0 1.0

-3.0 2.0
-30 30

-2 2
-20 20

0.0 50.0 0.0 50.0 0.0 50.0 0.0 50.0 0.0 50.0 0.0 50.0 0.0 50.0 0.0 50.0 0.0 50.0 0.0 50.0 0.0 50.0 0.0 50.0 0.0 50.0 0.0 50.0 0.0 50.0 0.0 50.0 0.0 50.0 0.0 50.0 0.0 50.0 0.0 50.0 0 19.0 0 19.3 0 19.6 0 19.9 0 20.2 0 20.5 0 20.8 0 21.1 0 21.4 0 21.7 0 22.0 0 22.3 0 22.6 0 22.9 0 23.2 0 23.5 0 23.8 0 24.1 0 24.4 0 24.7 0 25.0 0.0 50.0 0.0 50.0 0.0 50.0 0.0 50.0 0.0 50.0 0.0 50.0 0.0 50.0 0.0 50.0 0.0 50.0 0.0 50.0 0.0 50.0 0.0 50.0 0.0 50.0 0.0 50.0 0.0 50.0 0.0 50.0 0.0 50.0 0.0 50.0 0.0 50.0 0.0 50.0 0.0 50.0 0.0 50.0 0.0 50.0 0.0 50.0 0.0 50.0 0.0 50.0 0.0 50.0 0.0 50.0 0.0 50.0 0.0 50.0


1.0 3.0 1.0 3.0 1.0 3.0 1.0 3.0 1.0 3.0 1.0 3.0 1.0 3.0 1.0 3.0 1.0 3.0 1.0 3.0 
1.0 3.0 1.0 3.0 1.0 3.0 1.0 3.0 1.0 3.0 1.0 3.0 1.0 3.0 1.0 3.0 1.0 3.0 1.0 3.0 
1.0 3.0 1.0 3.0 1.0 3.0 1.0 3.0 1.0 3.0 1.0 3.0 1.0 3.0 1.0 3.0 1.0 3.0 1.0 3.0 
1.0 3.0 1.0 3.0 1.0 3.0 1.0 3.0 1.0 3.0 1.0 3.0 1.0 3.0 1.0 3.0 1.0 3.0 1.0 3.0 
1.0 3.0 1.0 3.0 1.0 3.0 1.0 3.0 1.0 3.0 1.0 3.0 1.0 3.0 1.0 3.0 1.0 3.0 1.0 3.0 
1.0 3.0 1.0 3.0 1.0 3.0 1.0 3.0 1.0 3.0 1.0 3.0 1.0 3.0 1.0 3.0 1.0 3.0 1.0 3.0 
1.0 3.0 1.0 3.0 1.0 3.0 1.0 3.0 1.0 3.0 1.0 3.0 1.0 3.0 1.0 3.0 1.0 3.0 1.0 3.0 1.0 3.0

0.0 50.0 0.0 50.0 0.0 50.0 0.0 50.0 0.0 50.0 0.0 50.0 0.0 50.0 0.0 50.0 0.0 50.0 0.0 50.0 0.0 50.0 0.0 50.0 0.0 50.0 0.0 50.0 0.0 50.0 0.0 50.0 0.0 50.0 0.0 50.0 0.0 50.0 0.0 50.0 0.0 19.0 0.0 19.3 0.0 19.6 0.0 19.9 0.0 20.2 0.0 20.5 0.0 20.8 0.0 21.1 0.0 21.4 0.0 21.7 10.0 22.0 10.5 22.3 11.0 22.6 11.5 22.9 12.0 23.2 12.5 23.5 13.0 23.8 13.5 24.1 14.0 24.4 14.5 24.7 15.0 25.0 15.5 50.0 16.0 50.0 16.5 50.0 17.0 50.0 17.5 50.0 18.0 50.0 18.5 50.0 19.0 50.0 19.5 50.0 20.0 50.0 0.0 50.0 0.0 50.0 0.0 50.0 0.0 50.0 0.0 50.0 0.0 50.0 0.0 50.0 0.0 50.0 0.0 50.0 0.0 50.0 0.0 50.0 0.0 50.0 0.0 50.0 0.0 50.0 0.0 50.0 0.0 50.0 0.0 50.0 0.0 50.0 0.0 50.0 0.0 50.0


3.0 4.5 3.0 4.5 3.0 4.5 3.0 4.5 3.0 4.5 3.0 4.5 3.0 4.5 3.0 4.5 3.0 4.5 3.0 4.5 
3.0 4.5 3.0 4.5 3.0 4.5 3.0 4.5 3.0 4.5 3.0 4.5 3.0 4.5 3.0 4.5 3.0 4.5 3.0 4.5 
3.0 4.5 3.0 4.5 3.0 4.5 3.0 4.5 3.0 4.5 3.0 4.5 3.0 4.5 3.0 4.5 3.0 4.5 3.0 4.5 
3.0 4.5 3.0 4.5 3.0 4.5 3.0 4.5 3.0 4.5 3.0 4.5 3.0 4.5 3.0 4.5 3.0 4.5 3.0 4.5 
3.0 4.5 3.0 4.5 3.0 4.5 3.0 4.5 3.0 4.5 3.0 4.5 3.0 4.5 3.0 4.5 3.0 4.5 3.0 4.5 
3.0 4.5 3.0 4.5 3.0 4.5 3.0 4.5 3.0 4.5 3.0 4.5 3.0 4.5 3.0 4.5 3.0 4.5 3.0 4.5 
3.0 4.5 3.0 4.5 3.0 4.5 3.0 4.5 3.0 4.5 3.0 4.5 3.0 4.5 3.0 4.5 3.0 4.5 3.0 4.5 3.0 4.5

0 20.0 0 20.0 0 20.0 0 20.0 0 20.0 0 20.0 0 20.0 0 20.0 0 20.0 0 20.0
0 20.0 0 20.0 0 20.0 0 20.0 0 20.0 0 20.0 0 20.0 0 20.0 0 20.0 0 20.0
0 20.0 0 20.0 0 20.0 0 20.0 0 20.0 0 20.0 0 20.0 0 20.0 0 20.0 0 20.0 
0 20.0 0 20.0 0 20.0 0 20.0 0 20.0 0 20.0 0 20.0 0 20.0 0 20.0 0 20.0 
0 20.0 0 20.0 0 20.0 0 20.0 0 20.0 0 20.0 0 20.0 0 20.0 0 20.0 0 20.0 
0 20.0 0 20.0 0 20.0 0 20.0 0 20.0 0 20.0 0 20.0 0 20.0 0 20.0 0 20.0 
0 20.0 0 20.0 0 20.0 0 20.0 0 20.0 0 20.0 0 20.0 0 20.0 0 20.0 0 20.0 0 20.0 



0 3.0 0 3.0 0 3.0 0 3.0 0 3.0 0 3.0 0 3.0 0 3.0 0 3.0 0 3.0
0 3.0 0 3.0 0 3.0 0 3.0 0 3.0 0 3.0 0 3.0 0 3.0 0 3.0 0 3.0
0 3.0 0 3.0 0 3.0 0 3.0 0 3.0 0 3.0 0 3.0 0 3.0 0 3.0 0 3.0 
0 3.0 0 3.0 0 3.0 0 3.0 0 3.0 0 3.0 0 3.0 0 3.0 0 3.0 0 3.0 
0 3.0 0 3.0 0 3.0 0 3.0 0 3.0 0 3.0 0 3.0 0 3.0 0 3.0 0 3.0 
0 3.0 0 3.0 0 3.0 0 3.0 0 3.0 0 3.0 0 3.0 0 3.0 0 3.0 0 3.0 
0 3.0 0 3.0 0 3.0 0 3.0 0 3.0 0 3.0 0 3.0 0 3.0 0 3.0 0 3.0 0 3.0 

0.0 0.5714 1.1429 1.7143 2.2857 2.8571 3.4286 4.0 4.5714 5.1429 5.7143 6.2857 6.8571 7.4286 8.0 8.5714 9.1429 9.7143 10.2857 10.8571 11.4286 12.0 12.5714 13.1429 13.7143 14.2857 14.8571 15.4286 16.0 16.5714 17.1429 17.7143 18.2857 18.8571 19.4286 20.0 20.5714 21.1429 21.7143 22.2857 22.8571 23.4286 24.0 24.5714 25.1429 25.7143 26.2857 26.8571 27.4286 28.0 28.5714 29.1429 29.7143 30.2857 30.8571 31.4286 32.0 32.5714 33.1429 33.7143 34.2857 34.8571 35.4286 36.0 36.5714 37.1429 37.7143 38.2857 38.8571 39.4286 40.0

1.2 1.2 1.2 1.2 1.2 1.2 1.2 1.2 1.2 1.2 1.2 1.2 1.2 1.2 1.2 1.2 1.28 1.36 1.45 1.53 1.61 1.69 1.78 1.86 1.94 2.02 2.11 2.19 2.27 2.35 2.44 2.52 2.6 2.69 2.77 2.85 2.93 3.02 3.1 3.18 3.26 3.34 3.43 3.51 3.59 3.67 3.76 3.84 3.92 4.01 4.09 4.17 4.25 4.33 4.42 4.5 4.5 4.5 4.5 4.5 4.5 4.5 4.5 4.5 4.5 4.5 4.5 4.5 4.5 4.5 4.5

0 0 0 0 0 0 0 0 0 0 0 0 0 0 0 0 0 0 0 0 0 0 0 0 0 0 0 0 0 0 0 0 0 0 0 0 0 0 0 0 0 0 0 0 0 0 0 0 0 0 0 0 0 0 0 0 0 0 0 0 0 0 0 0 0 0 0 0 0 0 0

0 0 0 0 0 0 0 0 0 0 0 0 0 0 0 0 0 0 0 0 0 0 0 0 0 0 0 0 0 0 0 0 0 0 0 0 0 0 0 0 0 0 0 0 0 0 0 0 0 0 0 0 0 0 0 0 0 0 0 0 0 0 0 0 0 0 0 0 0 0 0

