71 0.1
0.0 5.0 0.0
2.0 0.0 0.0

1

7.0 0

-2 2
-40 40

-0.1 0.1
-1 1

0 50.0 0 50.0 0 50.0 0 50.0 0 50.0 0 50.0 0 50.0 0 50.0 0 50.0 0 50.0
0 50.0 0 50.0 0 50.0 0 50.0 0 50.0 0 50.0 0 50.0 0 50.0 0 50.0 0 50.0
0 50.0 0 50.0 0 50.0 0 50.0 0 50.0 0 50.0 0 50.0 0 50.0 0 50.0 0 50.0
15.0 50.0 15.7 50.0 16.4 50.0 17.1 50.0 17.8 50.0 18.5 50.0 19.2 50.0 19.9 50.0 20.6 50.0 21.3 50.0
22.0 50.0 22.7 50.0 23.4 50.0 24.1 50.0 24.8 50.0 25.5 50.0 26.2 50.0 26.9 50.0 27.6 50.0 28.3 50.0
29.0 50.0 29.7 50.0 30.4 50.0 31.1 50.0 31.8 50.0 32.5 50.0 33.2 50.0 33.9 50.0 34.6 50.0 35.3 50.0
36.0 50.0 0 50.0 0 50.0 0 50.0 0 50.0 0 50.0 0 50.0 0 50.0 0 50.0 0 50.0 0 50.0

1 4.0 1 4.0 1 4.0 1 4.0 1 4.0 1 4.0 1 4.0 1 4.0 1 4.0 1 4.0 
1 4.0 1 4.0 1 4.0 1 4.0 1 4.0 1 4.0 1 4.0 1 4.0 1 4.0 1 4.0 
1 4.0 1 4.0 1 4.0 1 4.0 1 4.0 1 4.0 1 4.0 1 4.0 1 4.0 1 4.0 
1 4.0 1 4.0 1 4.0 1 4.0 1 4.0 1 4.0 1 4.0 1 4.0 1 4.0 1 4.0 
1 4.0 1 4.0 1 4.0 1 4.0 1 4.0 1 4.0 1 4.0 1 4.0 1 4.0 1 4.0 
1 4.0 1 4.0 1 4.0 1 4.0 1 4.0 1 4.0 1 4.0 1 4.0 1 4.0 1 4.0 
1 4.0 1 4.0 1 4.0 1 4.0 1 4.0 1 4.0 1 4.0 1 4.0 1 4.0 1 4.0 1 4.0

0 10.0 0 10.0 0 10.0 0 10.0 0 10.0 0 10.0 0 10.0 0 10.0 0 10.0 0 10.0
0 10.0 0 10.0 0 10.0 0 10.0 0 10.0 0 10.0 0 10.0 0 10.0 0 10.0 0 10.0
0 10.0 0 10.0 0 10.0 0 10.0 0 10.0 0 10.0 0 10.0 0 10.0 0 10.0 0 10.0 
0 10.0 0 10.0 0 10.0 0 10.0 0 10.0 0 10.0 0 10.0 0 10.0 0 10.0 0 10.0 
0 10.0 0 10.0 0 10.0 0 10.0 0 10.0 0 10.0 0 10.0 0 10.0 0 10.0 0 10.0 
0 10.0 0 10.0 0 10.0 0 10.0 0 10.0 0 10.0 0 10.0 0 10.0 0 10.0 0 10.0 
0 10.0 0 10.0 0 10.0 0 10.0 0 10.0 0 10.0 0 10.0 0 10.0 0 10.0 0 10.0 0 10.0 

0 2.5 0 2.5 0 2.5 0 2.5 0 2.5 0 2.5 0 2.5 0 2.5 0 2.5 0 2.5
0 2.5 0 2.5 0 2.5 0 2.5 0 2.5 0 2.5 0 2.5 0 2.5 0 2.5 0 2.5
0 2.5 0 2.5 0 2.5 0 2.5 0 2.5 0 2.5 0 2.5 0 2.5 0 2.5 0 2.5 
0 2.5 0 2.5 0 2.5 0 2.5 0 2.5 0 2.5 0 2.5 0 2.5 0 2.5 0 2.5 
0 2.5 0 2.5 0 2.5 0 2.5 0 2.5 0 2.5 0 2.5 0 2.5 0 2.5 0 2.5 
0 2.5 0 2.5 0 2.5 0 2.5 0 2.5 0 2.5 0 2.5 0 2.5 0 2.5 0 2.5 
0 2.5 0 2.5 0 2.5 0 2.5 0 2.5 0 2.5 0 2.5 0 2.5 0 2.5 0 2.5 0 2.5 

0.0 2.0 5.0 9.0 11.55 12.91 14.14 15.28 16.33 17.32 18.26 19.15 20.0 20.82 21.6 22.36 23.09 23.8 24.49 25.17 25.82 26.46 27.08 27.69 28.28 28.87 29.44 30.0 30.55 31.09 31.62 32.15 32.66 33.17 33.67 34.16 34.64 35.12 35.59 36.06 36.51 36.97 37.42 37.86 38.3 38.73 39.16 39.58 40.0 40.41 40.82 41.23 41.63 42.03 42.43 42.82 43.2 43.59 43.97 44.35 44.72 45.09 45.46 45.83 46.19 46.55 46.9 47.26 47.61 47.96 48.3

2.0 2.0 2.0 2.0 2.0 2.0 2.0 2.0 2.0 2.0 2.0 2.0 2.0 2.0 2.0 2.0 2.0 2.0 2.0 2.0 2.0 2.0 2.0 2.0 2.0 2.0 2.0 2.0 2.0 2.0 2.0 2.0 2.0 2.0 2.0 2.0 2.0 2.0 2.0 2.0 2.0 2.0 2.0 2.0 2.0 2.0 2.0 2.0 2.0 2.0 2.0 2.0 2.0 2.0 2.0 2.0 2.0 2.0 2.0 2.0 2.0 2.0 2.0 2.0 2.0 2.0 2.0 2.0 2.0 2.0 2.0

0 0 0 0 0 0 0 0 0 0 0 0 0 0 0 0 0 0 0 0 0 0 0 0 0 0 0 0 0 0 0 0 0 0 0 0 0 0 0 0 0 0 0 0 0 0 0 0 0 0 0 0 0 0 0 0 0 0 0 0 0 0 0 0 0 0 0 0 0 0 0

0 0 0 0 0 0 0 0 0 0 0 0 0 0 0 0 0 0 0 0 0 0 0 0 0 0 0 0 0 0 0 0 0 0 0 0 0 0 0 0 0 0 0 0 0 0 0 0 0 0 0 0 0 0 0 0 0 0 0 0 0 0 0 0 0 0 0 0 0 0 0
