71 0.1
0.0 7.0 1.0
2.0 1.0 0.5

2

7.0 1.0

-3.5 3.5
-40 40

-1 1
-20 20

0 20.0 0 20.67 0 21.33 0 22.0 0 22.67 0 23.33 0 24.0 0 24.67 0 25.33 0 26.0 0 26.67 0 27.33 0 28.0 0 28.67 0 29.33 0 30.0 0 30.67 0 31.33 0 32.0 0 32.67 0 33.33 0 34.0 0 34.67 0 35.33 0 36.0 0 36.67 0 37.33 0 38.0 0 38.67 0 39.33 0 40.0 0 50.0 0 50.0 0 50.0 0 50.0 0 50.0 0 50.0 0 50.0 0 50.0 0 50.0 0 50.0 0 50.0 0 50.0 0 50.0 0 50.0 0 50.0 0 50.0 0 50.0 0 50.0 0 50.0 0 50.0 0 50.0 0 50.0 0 50.0 0 50.0 0 50.0 0 50.0 0 50.0 0 50.0 0 50.0 0 50.0 0 50.0 0 50.0 0 50.0 0 50.0 0 50.0 0 50.0 0 50.0 0 50.0 0 50.0 0 50.0

0.0 4.0 0.0 4.0 0.0 4.0 0.0 4.0 0.0 4.0 0.0 4.0 0.0 4.0 0.0 4.0 0.0 4.0 0.0 4.0 
0.0 4.0 0.0 4.0 0.0 4.0 0.0 4.0 0.0 4.0 0.0 4.0 0.0 4.0 0.0 4.0 0.0 4.0 0.0 4.0 
0.0 4.0 0.0 4.0 0.0 4.0 0.0 4.0 0.0 4.0 0.0 4.0 0.0 4.0 0.0 4.0 0.0 4.0 0.0 4.0 
0.0 4.0 0.0 4.0 0.0 4.0 0.0 4.0 0.0 4.0 0.0 4.0 0.0 4.0 0.0 4.0 0.0 4.0 0.0 4.0 
0.0 4.0 0.0 4.0 0.0 4.0 0.0 4.0 0.0 4.0 0.0 4.0 0.0 4.0 0.0 4.0 0.0 4.0 0.0 4.0 
0.0 4.0 0.0 4.0 0.0 4.0 0.0 4.0 0.0 4.0 0.0 4.0 0.0 4.0 0.0 4.0 0.0 4.0 0.0 4.0 
0.0 4.0 0.0 4.0 0.0 4.0 0.0 4.0 0.0 4.0 0.0 4.0 0.0 4.0 0.0 4.0 0.0 4.0 0.0 4.0 0.0 4.0

0 5.0 0 11.67 0 18.33 0 25.0 0 31.67 0 38.33 0 45.0 0 51.67 0 58.33 0 65.0 0 71.67 0 78.33 0 85.0 0 91.67 0 98.33 0 105.0 0 111.67 0 118.33 0 125.0 0 131.67 0 138.33 0 145.0 0 151.67 0 158.33 0 165.0 0 171.67 0 178.33 0 185.0 0 191.67 0 198.33 0 205.0 0 50.0 0 50.0 0 50.0 0 50.0 0 50.0 0 50.0 0 50.0 0 50.0 0 50.0 0 50.0 0 50.0 0 50.0 0 50.0 0 50.0 0 50.0 0 50.0 0 50.0 0 50.0 0 50.0 0 50.0 0 50.0 0 50.0 0 50.0 0 50.0 0 50.0 0 50.0 0 50.0 0 50.0 0 50.0 0 50.0 0 50.0 0 50.0 0 50.0 0 50.0 0 50.0 0 50.0 0 50.0 0 50.0 0 50.0 0 50.0

4.0 7.0 4.0 7.0 4.0 7.0 4.0 7.0 4.0 7.0 4.0 7.0 4.0 7.0 4.0 7.0 4.0 7.0 4.0 7.0 
4.0 7.0 4.0 7.0 4.0 7.0 4.0 7.0 4.0 7.0 4.0 7.0 4.0 7.0 4.0 7.0 4.0 7.0 4.0 7.0 
4.0 7.0 4.0 7.0 4.0 7.0 4.0 7.0 4.0 7.0 4.0 7.0 4.0 7.0 4.0 7.0 4.0 7.0 4.0 7.0 
4.0 7.0 4.0 7.0 4.0 7.0 4.0 7.0 4.0 7.0 4.0 7.0 4.0 7.0 4.0 7.0 4.0 7.0 4.0 7.0 
4.0 7.0 4.0 7.0 4.0 7.0 4.0 7.0 4.0 7.0 4.0 7.0 4.0 7.0 4.0 7.0 4.0 7.0 4.0 7.0 
4.0 7.0 4.0 7.0 4.0 7.0 4.0 7.0 4.0 7.0 4.0 7.0 4.0 7.0 4.0 7.0 4.0 7.0 4.0 7.0 
4.0 7.0 4.0 7.0 4.0 7.0 4.0 7.0 4.0 7.0 4.0 7.0 4.0 7.0 4.0 7.0 4.0 7.0 4.0 7.0 4.0 7.0


0 10.0 0 10.0 0 10.0 0 10.0 0 10.0 0 10.0 0 10.0 0 10.0 0 10.0 0 10.0
0 10.0 0 10.0 0 10.0 0 10.0 0 10.0 0 10.0 0 10.0 0 10.0 0 10.0 0 10.0
0 10.0 0 10.0 0 10.0 0 10.0 0 10.0 0 10.0 0 10.0 0 10.0 0 10.0 0 10.0 
0 10.0 0 10.0 0 10.0 0 10.0 0 10.0 0 10.0 0 10.0 0 10.0 0 10.0 0 10.0 
0 10.0 0 10.0 0 10.0 0 10.0 0 10.0 0 10.0 0 10.0 0 10.0 0 10.0 0 10.0 
0 10.0 0 10.0 0 10.0 0 10.0 0 10.0 0 10.0 0 10.0 0 10.0 0 10.0 0 10.0 
0 10.0 0 10.0 0 10.0 0 10.0 0 10.0 0 10.0 0 10.0 0 10.0 0 10.0 0 10.0 0 10.0 

0 2.5 0 2.5 0 2.5 0 2.5 0 2.5 0 2.5 0 2.5 0 2.5 0 2.5 0 2.5
0 2.5 0 2.5 0 2.5 0 2.5 0 2.5 0 2.5 0 2.5 0 2.5 0 2.5 0 2.5
0 2.5 0 2.5 0 2.5 0 2.5 0 2.5 0 2.5 0 2.5 0 2.5 0 2.5 0 2.5 
0 2.5 0 2.5 0 2.5 0 2.5 0 2.5 0 2.5 0 2.5 0 2.5 0 2.5 0 2.5 
0 2.5 0 2.5 0 2.5 0 2.5 0 2.5 0 2.5 0 2.5 0 2.5 0 2.5 0 2.5 
0 2.5 0 2.5 0 2.5 0 2.5 0 2.5 0 2.5 0 2.5 0 2.5 0 2.5 0 2.5 
0 2.5 0 2.5 0 2.5 0 2.5 0 2.5 0 2.5 0 2.5 0 2.5 0 2.5 0 2.5 0 2.5 

0.0 0.7 1.4 2.099 2.797 3.494 4.191 4.886 5.579 6.271 6.961 7.65 8.336 9.021 9.704 10.385 11.064 11.741 12.416 13.089 13.76 14.429 15.096 15.762 16.425 17.086 17.745 18.403 19.058 19.712 20.364 21.015 21.663 22.31 22.956 23.6 24.242 24.883 25.522 26.16 26.797 27.433 28.067 28.7 29.332 29.963 30.592 31.221 31.849 32.476 33.102 33.728 34.352 34.976 35.6 36.222 36.845 37.466 38.088 38.709 39.329 39.95 40.57 41.19 41.809 42.429 43.048 43.668 44.287 44.906 45.525

2.0 2.0 2.0 2.0 2.0 2.0 2.0 2.0 2.0 2.0 2.0 2.0 2.0 2.0 2.0 2.0 2.0 2.0 2.0 2.0 2.02 2.03 2.05 2.07 2.08 2.1 2.12 2.15 2.17 2.19 2.22 2.25 2.27 2.31 2.34 2.37 2.41 2.45 2.5 2.55 2.6 2.66 2.72 2.78 2.86 2.94 3.03 3.12 3.23 3.35 3.48 3.63 3.79 3.96 4.16 4.36 4.59 4.82 5.07 5.32 5.56 5.81 6.04 6.27 6.47 6.67 6.84 7.0 7.0 7.0

0 0 0 0 0 0 0 0 0 0 0 0 0 0 0 0 0 0 0 0 0 0 0 0 0 0 0 0 0 0 0 0 0 0 0 0 0 0 0 0 0 0 0 0 0 0 0 0 0 0 0 0 0 0 0 0 0 0 0 0 0 0 0 0 0 0 0 0 0 0 0

0 0 0 0 0 0 0 0 0 0 0 0 0 0 0 0 0 0 0 0 0 0 0 0 0 0 0 0 0 0 0 0 0 0 0 0 0 0 0 0 0 0 0 0 0 0 0 0 0 0 0 0 0 0 0 0 0 0 0 0 0 0 0 0 0 0 0 0 0 0 0
