71 0.1
0.0 1.0 0.5
2.0 0.0 0.0

1

4.0 0.0

-3.0 2.0
-40 40

-1 1
-20 20

0 50.0 0 50.0 0 50.0 0 50.0 0 50.0 0 50.0 0 50.0 0 50.0 0 50.0 0 50.0 0 5.6 0 5.24 0 4.88 0 4.52 0 4.16 0 3.8 0 3.44 0 3.08 0 2.72 0 2.36 0 2.0 0 50.0 0 50.0 0 50.0 0 50.0 0 50.0 0 50.0 0 50.0 0 50.0 0 50.0 0 50.0 0 50.0 0 50.0 0 50.0 0 50.0 0 50.0 0 50.0 0 50.0 0 50.0 0 50.0 0 50.0 0 50.0 0 50.0 0 50.0 0 50.0 0 50.0 0 50.0 0 50.0 0 50.0 0 50.0 0 50.0 0 5.24 0 4.88 0 4.52 0 4.16 0 3.8 0 3.44 0 3.08 0 2.72 0 2.36 0 2.0 0 50.0 0 50.0 0 50.0 0 50.0 0 50.0 0 50.0 0 50.0 0 50.0 0 50.0 0 50.0

-3.0 3.4 -3.0 3.4 -3.0 3.4 -3.0 3.4 -3.0 3.4 -3.0 3.4 -3.0 3.4 -3.0 3.4 -3.0 3.4 -3.0 3.4 -3.0 3.4 -3.0 3.4 -3.0 3.4 -3.0 3.4 -3.0 3.4 -3.0 3.4 -3.0 3.4 -3.0 3.4 -3.0 3.4 -3.0 3.4 -3.0 3.4 -3.0 3.4 -3.0 3.4 -3.0 3.4 -3.0 3.4 -3.0 3.4 -3.0 3.4 -3.0 3.4 -3.0 3.4 -3.0 3.4 -3.0 3.4 -3.0 3.4 -3.0 3.4 -3.0 3.4 -3.0 3.4 -3.0 3.4 -3.0 3.4 -3.0 3.4 -3.0 3.4 -3.0 3.4 -3.0 3.4 -3.0 3.4 -3.0 3.4 -3.0 3.4 -3.0 3.4 -3.0 3.4 -3.0 3.4 -3.0 3.4 -3.0 3.4 -3.0 3.4 -3.0 3.4 -3.0 3.4 -3.0 3.4 -3.0 3.4 -3.0 3.4 -3.0 3.4 -3.0 3.4 -3.0 3.4 -3.0 3.4 -3.0 3.4 -3.0 3.4 -3.0 3.4 -3.0 3.4 -3.0 3.4 -3.0 3.4 -3.0 3.4 -3.0 3.4 -3.0 3.4 -3.0 3.4 -3.0 3.4 -3.0 3.4 

0 10.0 0 10.0 0 10.0 0 10.0 0 10.0 0 10.0 0 10.0 0 10.0 0 10.0 0 10.0
0 10.0 0 10.0 0 10.0 0 10.0 0 10.0 0 10.0 0 10.0 0 10.0 0 10.0 0 10.0
0 10.0 0 10.0 0 10.0 0 10.0 0 10.0 0 10.0 0 10.0 0 10.0 0 10.0 0 10.0 
0 10.0 0 10.0 0 10.0 0 10.0 0 10.0 0 10.0 0 10.0 0 10.0 0 10.0 0 10.0 
0 10.0 0 10.0 0 10.0 0 10.0 0 10.0 0 10.0 0 10.0 0 10.0 0 10.0 0 10.0 
0 10.0 0 10.0 0 10.0 0 10.0 0 10.0 0 10.0 0 10.0 0 10.0 0 10.0 0 10.0 
0 10.0 0 10.0 0 10.0 0 10.0 0 10.0 0 10.0 0 10.0 0 10.0 0 10.0 0 10.0 0 10.0 

0 2.5 0 2.5 0 2.5 0 2.5 0 2.5 0 2.5 0 2.5 0 2.5 0 2.5 0 2.5
0 2.5 0 2.5 0 2.5 0 2.5 0 2.5 0 2.5 0 2.5 0 2.5 0 2.5 0 2.5
0 2.5 0 2.5 0 2.5 0 2.5 0 2.5 0 2.5 0 2.5 0 2.5 0 2.5 0 2.5 
0 2.5 0 2.5 0 2.5 0 2.5 0 2.5 0 2.5 0 2.5 0 2.5 0 2.5 0 2.5 
0 2.5 0 2.5 0 2.5 0 2.5 0 2.5 0 2.5 0 2.5 0 2.5 0 2.5 0 2.5 
0 2.5 0 2.5 0 2.5 0 2.5 0 2.5 0 2.5 0 2.5 0 2.5 0 2.5 0 2.5 
0 2.5 0 2.5 0 2.5 0 2.5 0 2.5 0 2.5 0 2.5 0 2.5 0 2.5 0 2.5 0 2.5 

0.0 0.08 0.16 0.24 0.32 0.4 0.48 0.56 0.64 0.72 0.8 0.88 0.96 1.04 1.12 1.2 1.28 1.36 1.44 1.52 1.6 1.68 1.76 1.84 1.92 2.0 2.4 2.8 3.2 3.6 4.0 4.4 4.8 5.2 5.6 6.0 6.4 6.8 7.2 7.6 8.0 8.4 8.8 9.2 9.6 10.0 10.4 10.8 11.2 11.6 12.0 12.9 13.8 14.7 15.6 16.5 17.4 18.3 19.2 20.1 21.0 21.9 22.8 23.7 24.6 25.5 26.4 27.3 28.2 29.1 30.0 

2.0 2.0 2.0 2.0 2.0 2.0 2.0 2.0 2.0 2.0 2.0 2.0 2.0 2.0 2.0 2.0 2.0 2.0 2.0 2.0 2.0 2.0 2.0 2.0 2.0 2.0 2.0 2.0 2.0 2.0 2.0 2.0 2.0 2.0 2.0 2.0 2.0 2.0 2.0 2.0 2.0 2.0 2.0 2.0 2.0 2.0 2.0 2.0 2.0 2.0 2.0 2.0 2.0 2.0 2.0 2.0 2.0 2.0 2.0 2.0 2.0 2.0 2.0 2.0 2.0 2.0 2.0 2.0 2.0 2.0 2.0

0 0 0 0 0 0 0 0 0 0 0 0 0 0 0 0 0 0 0 0 0 0 0 0 0 0 0 0 0 0 0 0 0 0 0 0 0 0 0 0 0 0 0 0 0 0 0 0 0 0 0 0 0 0 0 0 0 0 0 0 0 0 0 0 0 0 0 0 0 0 0

0 0 0 0 0 0 0 0 0 0 0 0 0 0 0 0 0 0 0 0 0 0 0 0 0 0 0 0 0 0 0 0 0 0 0 0 0 0 0 0 0 0 0 0 0 0 0 0 0 0 0 0 0 0 0 0 0 0 0 0 0 0 0 0 0 0 0 0 0 0 0
