71 0.1
0.0 15.0 1.0
2.0 0.0 0.0

1

0.0 0.0

-3.0 2.0
-40 40

-1 1
-20 20

0 50.0 0 50.0 0 50.0 0 50.0 0 50.0 0 50.0 0 50.0 0 50.0 0 50.0 0 50.0 0 50.0 0 50.0 0 50.0 0 50.0 0 50.0 0 50.0 0 50.0 0 50.0 0 50.0 0 50.0 0 50.0 0 50.0 0 50.0 0 50.0 0 50.0 0 50.0 0 50.0 0 50.0 0 50.0 0 50.0 0 50.0 0 50.0 0 50.0 0 50.0 0 50.0 0 50.0 0 50.0 0 50.0 0 50.0 0 50.0 0 50.0 0 50.0 0 50.0 0 50.0 0 50.0 0 50.0 0 50.0 0 50.0 0 50.0 0 50.0 0 50.0 0 50.0 0 50.0 0 50.0 0 50.0 0 50.0 0 50.0 0 50.0 0 50.0 0 50.0 0 50.0 0 50.0 0 50.0 0 50.0 0 50.0 0 50.0 0 50.0 0 50.0 0 50.0 0 50.0 0 50.0

0.0 4.0 0.0 4.0 0.0 4.0 0.0 4.0 0.0 4.0 0.0 4.0 0.0 4.0 0.0 4.0 0.0 4.0 0.0 4.0 
0.0 4.0 0.0 4.0 0.0 4.0 0.0 4.0 0.0 4.0 0.0 4.0 0.0 4.0 0.0 4.0 0.0 4.0 0.0 4.0 
0.0 4.0 0.0 4.0 0.0 4.0 0.0 4.0 0.0 4.0 0.0 4.0 0.0 4.0 0.0 4.0 0.0 4.0 0.0 4.0 
0.0 4.0 0.0 4.0 0.0 4.0 0.0 4.0 0.0 4.0 0.0 4.0 0.0 4.0 0.0 4.0 0.0 4.0 0.0 4.0 
0.0 4.0 0.0 4.0 0.0 4.0 0.0 4.0 0.0 4.0 0.0 4.0 0.0 4.0 0.0 4.0 0.0 4.0 0.0 4.0 
0.0 4.0 0.0 4.0 0.0 4.0 0.0 4.0 0.0 4.0 0.0 4.0 0.0 4.0 0.0 4.0 0.0 4.0 0.0 4.0 
0.0 4.0 0.0 4.0 0.0 4.0 0.0 4.0 0.0 4.0 0.0 4.0 0.0 4.0 0.0 4.0 0.0 4.0 0.0 4.0 0.0 4.0

0 20.0 0 20.0 0 20.0 0 20.0 0 20.0 0 20.0 0 20.0 0 20.0 0 20.0 0 20.0
0 20.0 0 20.0 0 20.0 0 20.0 0 20.0 0 20.0 0 20.0 0 20.0 0 20.0 0 20.0
0 20.0 0 20.0 0 20.0 0 20.0 0 20.0 0 20.0 0 20.0 0 20.0 0 20.0 0 20.0 
0 20.0 0 20.0 0 20.0 0 20.0 0 20.0 0 20.0 0 20.0 0 20.0 0 20.0 0 20.0 
0 20.0 0 20.0 0 20.0 0 20.0 0 20.0 0 20.0 0 20.0 0 20.0 0 20.0 0 20.0 
0 20.0 0 20.0 0 20.0 0 20.0 0 20.0 0 20.0 0 20.0 0 20.0 0 20.0 0 20.0 
0 20.0 0 20.0 0 20.0 0 20.0 0 20.0 0 20.0 0 20.0 0 20.0 0 20.0 0 20.0 0 20.0 

0 2.5 0 2.5 0 2.5 0 2.5 0 2.5 0 2.5 0 2.5 0 2.5 0 2.5 0 2.5
0 2.5 0 2.5 0 2.5 0 2.5 0 2.5 0 2.5 0 2.5 0 2.5 0 2.5 0 2.5
0 2.5 0 2.5 0 2.5 0 2.5 0 2.5 0 2.5 0 2.5 0 2.5 0 2.5 0 2.5 
0 2.5 0 2.5 0 2.5 0 2.5 0 2.5 0 2.5 0 2.5 0 2.5 0 2.5 0 2.5 
0 2.5 0 2.5 0 2.5 0 2.5 0 2.5 0 2.5 0 2.5 0 2.5 0 2.5 0 2.5 
0 2.5 0 2.5 0 2.5 0 2.5 0 2.5 0 2.5 0 2.5 0 2.5 0 2.5 0 2.5 
0 2.5 0 2.5 0 2.5 0 2.5 0 2.5 0 2.5 0 2.5 0 2.5 0 2.5 0 2.5 0 2.5 

0.0 5.01 7.08 8.71 10.1 11.35 12.49 13.54 14.54 15.48 16.37 17.23 18.05 18.85 19.61 20.36 21.08 21.79 22.47 23.14 23.8 24.44 25.07 25.68 26.29 26.88 27.47 28.04 28.6 29.16 29.71 30.25 30.78 31.31 31.83 32.34 32.85 33.35 33.84 34.33 34.82 35.3 35.77 36.24 36.71 37.17 37.62 38.07 38.52 38.97 39.41 39.84 40.27 40.7 41.13 41.55 41.97 42.39 42.8 43.21 43.62 44.02 44.42 44.82 45.22 45.61 46.0 46.39 46.77 47.16 47.54

2.0 2.0 2.0 2.0 2.0 2.0 2.0 2.0 2.0 2.0 2.0 2.0 2.0 2.0 2.0 2.0 2.0 2.0 2.0 2.0 2.0 2.0 2.0 2.0 2.0 2.0 2.0 2.0 2.0 2.0 2.0 2.0 2.0 2.0 2.0 2.0 2.0 2.0 2.0 2.0 2.0 2.0 2.0 2.0 2.0 2.0 2.0 2.0 2.0 2.0 2.0 2.0 2.0 2.0 2.0 2.0 2.0 2.0 2.0 2.0 2.0 2.0 2.0 2.0 2.0 2.0 2.0 2.0 2.0 2.0 2.0

0 0 0 0 0 0 0 0 0 0 0 0 0 0 0 0 0 0 0 0 0 0 0 0 0 0 0 0 1 1 1 1 1 1 1 1 1 1 1 1 1 1 1 1 1 1 1 1 1 1 1 0 0 0 0 0 0 0 0 0 0 0 0 0 0 0 0 0 0 0 0

0 0 0 0 0 0 0 0 0 0 0 0 0 0 0 0 0 0 0 0 0 0 0 0 0 0 0 0 1 1 1 1 1 1 1 1 1 1 1 1 1 1 1 1 1 1 1 1 1 1 1 0 0 0 0 0 0 0 0 0 0 0 0 0 0 0 0 0 0 0 0
