71 0.1
0.0 1.0 0.5
2.0 0.0 0.0

1

4.0 0.0

-3.0 2.0
-40 40

-1 1
-20 20

0 50.0 0 50.0 0 50.0 0 50.0 0 50.0 0 50.0 0 50.0 0 50.0 0 50.0 0 50.0
0 5.6 0 5.24 0 4.88 0 4.52 0 4.16 0 3.8 0 3.44 0 3.08 0 2.72 0 2.36 
0 2.0 0 50.0 0 50.0 0 50.0 0 50.0 0 50.0 0 50.0 0 50.0 0 50.0 0 50.0
0 5.6 0 5.24 0 4.88 0 4.52 0 4.16 0 3.8 0 3.44 0 3.08 0 2.72 0 2.36
0 2.0 0 50.0 0 50.0 0 50.0 0 50.0 0 50.0 0 50.0 0 50.0 0 50.0 0 50.0
0 50.0 0 50.0 0 50.0 0 50.0 0 50.0 0 50.0 0 50.0 0 50.0 0 50.0 0 50.0
0 50.0 0 50.0 0 50.0 0 50.0 0 50.0 0 50.0 0 50.0 0 50.0 0 50.0 0 50.0 0 50.0

-3.0 3.4 -3.0 3.4 -3.0 3.4 -3.0 3.4 -3.0 3.4 -3.0 3.4 -3.0 3.4 -3.0 3.4 -3.0 3.4 -3.0 3.4 -3.0 3.4 -3.0 3.4 -3.0 3.4 -3.0 3.4 -3.0 3.4 -3.0 3.4 -3.0 3.4 -3.0 3.4 -3.0 3.4 -3.0 3.4 -3.0 3.4 -3.0 3.4 -3.0 3.4 -3.0 3.4 -3.0 3.4 -3.0 3.4 -3.0 3.4 -3.0 3.4 -3.0 3.4 -3.0 3.4 -3.0 3.4 -3.0 3.4 -3.0 3.4 -3.0 3.4 -3.0 3.4 -3.0 3.4 -3.0 3.4 -3.0 3.4 -3.0 3.4 -3.0 3.4 -3.0 3.4 -3.0 3.4 -3.0 3.4 -3.0 3.4 -3.0 3.4 -3.0 3.4 -3.0 3.4 -3.0 3.4 -3.0 3.4 -3.0 3.4 -3.0 3.4 -3.0 3.4 -3.0 3.4 -3.0 3.4 -3.0 3.4 -3.0 3.4 -3.0 3.4 -3.0 3.4 -3.0 3.4 -3.0 3.4 -3.0 3.4 -3.0 3.4 -3.0 3.4 -3.0 3.4 -3.0 3.4 -3.0 3.4 -3.0 3.4 -3.0 3.4 -3.0 3.4 -3.0 3.4 -3.0 3.4 

0 10.0 0 10.0 0 10.0 0 10.0 0 10.0 0 10.0 0 10.0 0 10.0 0 10.0 0 10.0
0 10.0 0 10.0 0 10.0 0 10.0 0 10.0 0 10.0 0 10.0 0 10.0 0 10.0 0 10.0
0 10.0 0 10.0 0 10.0 0 10.0 0 10.0 0 10.0 0 10.0 0 10.0 0 10.0 0 10.0 
0 10.0 0 10.0 0 10.0 0 10.0 0 10.0 0 10.0 0 10.0 0 10.0 0 10.0 0 10.0 
0 10.0 0 10.0 0 10.0 0 10.0 0 10.0 0 10.0 0 10.0 0 10.0 0 10.0 0 10.0 
0 10.0 0 10.0 0 10.0 0 10.0 0 10.0 0 10.0 0 10.0 0 10.0 0 10.0 0 10.0 
0 10.0 0 10.0 0 10.0 0 10.0 0 10.0 0 10.0 0 10.0 0 10.0 0 10.0 0 10.0 0 10.0 

0 2.5 0 2.5 0 2.5 0 2.5 0 2.5 0 2.5 0 2.5 0 2.5 0 2.5 0 2.5
0 2.5 0 2.5 0 2.5 0 2.5 0 2.5 0 2.5 0 2.5 0 2.5 0 2.5 0 2.5
0 2.5 0 2.5 0 2.5 0 2.5 0 2.5 0 2.5 0 2.5 0 2.5 0 2.5 0 2.5 
0 2.5 0 2.5 0 2.5 0 2.5 0 2.5 0 2.5 0 2.5 0 2.5 0 2.5 0 2.5 
0 2.5 0 2.5 0 2.5 0 2.5 0 2.5 0 2.5 0 2.5 0 2.5 0 2.5 0 2.5 
0 2.5 0 2.5 0 2.5 0 2.5 0 2.5 0 2.5 0 2.5 0 2.5 0 2.5 0 2.5 
0 2.5 0 2.5 0 2.5 0 2.5 0 2.5 0 2.5 0 2.5 0 2.5 0 2.5 0 2.5 0 2.5 

0.0 0.025 0.05 0.075 0.1 0.125 0.15 0.175 0.2 0.225 0.25 0.275 0.3 0.325 0.35 0.375 0.4 0.425 0.45 0.475 0.5 0.525 0.55 0.575 0.6 0.625 0.65 0.675 0.7 0.725 0.75 0.775 0.8 0.825 0.85 0.875 0.9 0.925 0.95 0.975 1.0 1.48 1.95 2.41 2.88 3.35 3.82 4.28 4.75 5.22 5.68 6.15 6.62 7.08 7.55 8.02 8.48 8.95 9.42 9.89 10.35 10.82 11.29 11.75 12.22 12.69 13.16 13.62 14.09 14.56 15.02 

2.0 2.0 2.0 2.0 2.0 2.0 2.0 2.0 2.0 2.0 2.0 2.0 2.0 2.0 2.0 2.0 2.0 2.0 2.0 2.0 2.0 2.0 2.0 2.0 2.0 2.0 2.0 2.0 2.0 2.0 2.0 2.0 2.0 2.0 2.0 2.0 2.0 2.0 2.0 2.0 2.0 2.0 2.0 2.0 2.0 2.0 2.0 2.0 2.0 2.0 2.0 2.0 2.0 2.0 2.0 2.0 2.0 2.0 2.0 2.0 2.0 2.0 2.0 2.0 2.0 2.0 2.0 2.0 2.0 2.0 2.0

0 0 0 0 0 0 0 0 0 0 0 0 0 0 0 0 0 0 0 0 0 0 0 0 0 0 0 0 0 0 0 0 0 0 0 0 0 0 0 0 0 0 0 0 0 0 0 0 0 0 0 0 0 0 0 0 0 0 0 0 0 0 0 0 0 0 0 0 0 0 0

0 0 0 0 0 0 0 0 0 0 0 0 0 0 0 0 0 0 0 0 0 0 0 0 0 0 0 0 0 0 0 0 0 0 0 0 0 0 0 0 0 0 0 0 0 0 0 0 0 0 0 0 0 0 0 0 0 0 0 0 0 0 0 0 0 0 0 0 0 0 0
