121 0.1
0.0 7.0 0.0
3.0 0.0 0.0

3

10.0 0.0

-3.0 3.0
-40 40

-0.50 0.50
-20 20

0 15.0 0 15.5 0 16.0 0 16.5 0 17.0 0 17.5 0 18.0 0 18.5 0 19.0 0 19.5 
0 20.0 0 20.5 0 21.0 0 21.5 0 22.0 0 22.5 0 23.0 0 23.5 0 24.0 0 24.5 
0 25.0 0 25.5 0 26.0 0 26.5 0 27.0 0 27.5 0 28.0 0 28.5 0 29.0 0 29.5 
0 30.0 0 30.5 0 31.0 0 31.5 0 32.0 0 32.5 0 33.0 0 33.5 0 34.0 0 34.5 
0 35.0 0 35.5 0 36.0 0 36.5 0 37.0 0 37.5 0 38.0 0 38.5 0 39.0 0 39.5 
0 40.0 0 40.5 0 41.0 0 41.5 0 42.0 0 42.5 0 43.0 0 43.5 0 44.0 0 44.5 
0 45.0 0 45.5 0 46.0 0 46.5 0 47.0 0 47.5 0 48.0 0 48.5 0 49.0 0 49.5 
0 50.0 0 50.5 0 51.0 0 51.5 0 52.0 0 52.5 0 53.0 0 53.5 0 54.0 0 54.5 
0 55.0 0 55.5 0 56.0 0 56.5 0 57.0 0 57.5 0 58.0 0 58.5 0 59.0 0 59.5 
0 60.0 0 60.5 0 61.0 0 61.5 0 62.0 0 62.5 0 63.0 0 63.5 0 64.0 0 64.5 
0 65.0 0 65.5 0 66.0 0 66.5 0 67.0 0 67.5 0 68.0 0 68.5 0 69.0 0 69.5 
0 70.0 0 70.5 0 71.0 0 71.5 0 72.0 0 72.5 0 73.0 0 73.5 0 74.0 0 74.5 
0 75.0 

0 4.0 0 4.0 0 4.0 0 4.0 0 4.0 0 4.0 0 4.0 0 4.0 0 4.0 0 4.0 
0 4.0 0 4.0 0 4.0 0 4.0 0 4.0 0 4.0 0 4.0 0 4.0 0 4.0 0 4.0 
0 4.0 0 4.0 0 4.0 0 4.0 0 4.0 0 4.0 0 4.0 0 4.0 0 4.0 0 4.0 
0 4.0 0 4.0 0 4.0 0 4.0 0 4.0 0 4.0 0 4.0 0 4.0 0 4.0 0 4.0 
0 4.0 0 4.0 0 4.0 0 4.0 0 4.0 0 4.0 0 4.0 0 4.0 0 4.0 0 4.0 
0 4.0 0 4.0 0 4.0 0 4.0 0 4.0 0 4.0 0 4.0 0 4.0 0 4.0 0 4.0 
0 4.0 0 4.0 0 4.0 0 4.0 0 4.0 0 4.0 0 4.0 0 4.0 0 4.0 0 4.0 
0 4.0 0 4.0 0 4.0 0 4.0 0 4.0 0 4.0 0 4.0 0 4.0 0 4.0 0 4.0 
0 4.0 0 4.0 0 4.0 0 4.0 0 4.0 0 4.0 0 4.0 0 4.0 0 4.0 0 4.0 
0 4.0 0 4.0 0 4.0 0 4.0 0 4.0 0 4.0 0 4.0 0 4.0 0 4.0 0 4.0 
0 4.0 0 4.0 0 4.0 0 4.0 0 4.0 0 4.0 0 4.0 0 4.0 0 4.0 0 4.0 
0 4.0 0 4.0 0 4.0 0 4.0 0 4.0 0 4.0 0 4.0 0 4.0 0 4.0 0 4.0 
0 4.0

0 100.0 0 100.0 0 100.0 0 100.0 0 100.0 0 100.0 0 100.0 0 100.0 0 100.0 0 100.0 
0 100.0 0 100.0 0 100.0 0 100.0 0 100.0 0 100.0 0 100.0 0 100.0 0 100.0 0 100.0 
0 100.0 0 100.0 0 100.0 0 100.0 0 100.0 0 100.0 0 100.0 0 100.0 0 100.0 0 100.0 
0 100.0 0 100.0 0 100.0 0 100.0 0 100.0 0 100.0 0 100.0 0 100.0 0 100.0 0 100.0 
0 100.0 0 100.0 0 100.0 0 100.0 0 100.0 0 100.0 0 100.0 0 100.0 0 100.0 0 100.0 
0 100.0 0 100.0 0 100.0 0 100.0 0 100.0 0 100.0 0 100.0 0 100.0 0 100.0 0 100.0 
0 100.0 0 100.0 0 100.0 0 100.0 0 100.0 0 100.0 0 100.0 0 100.0 0 100.0 0 100.0 
0 100.0 0 100.0 0 100.0 0 100.0 0 100.0 0 100.0 0 100.0 0 100.0 0 100.0 0 100.0 
0 100.0 0 100.0 0 100.0 0 100.0 0 100.0 0 100.0 0 100.0 0 100.0 0 100.0 0 100.0 
0 100.0 0 100.0 0 100.0 0 100.0 0 100.0 0 100.0 0 100.0 0 100.0 0 100.0 0 100.0 
0 100.0 0 100.0 0 100.0 0 100.0 0 100.0 0 100.0 0 100.0 0 100.0 0 100.0 0 100.0 
0 100.0 0 100.0 0 100.0 0 100.0 0 100.0 0 100.0 0 100.0 0 100.0 0 100.0 0 100.0 
0 100.0 

4.0 8.0 4.0 8.0 4.0 8.0 4.0 8.0 4.0 8.0 4.0 8.0 4.0 8.0 4.0 8.0 4.0 8.0 4.0 8.0 
4.0 8.0 4.0 8.0 4.0 8.0 4.0 8.0 4.0 8.0 4.0 8.0 4.0 8.0 4.0 8.0 4.0 8.0 4.0 8.0 
4.0 8.0 4.0 8.0 4.0 8.0 4.0 8.0 4.0 8.0 4.0 8.0 4.0 8.0 4.0 8.0 4.0 8.0 4.0 8.0 
4.0 8.0 4.0 8.0 4.0 8.0 4.0 8.0 4.0 8.0 4.0 8.0 4.0 8.0 4.0 8.0 4.0 8.0 4.0 8.0 
4.0 8.0 4.0 8.0 4.0 8.0 4.0 8.0 4.0 8.0 4.0 8.0 4.0 8.0 4.0 8.0 4.0 8.0 4.0 8.0 
4.0 8.0 4.0 8.0 4.0 8.0 4.0 8.0 4.0 8.0 4.0 8.0 4.0 8.0 4.0 8.0 4.0 8.0 4.0 8.0 
4.0 8.0 4.0 8.0 4.0 8.0 4.0 8.0 4.0 8.0 4.0 8.0 4.0 8.0 4.0 8.0 4.0 8.0 4.0 8.0 
4.0 8.0 4.0 8.0 4.0 8.0 4.0 8.0 4.0 8.0 4.0 8.0 4.0 8.0 4.0 8.0 4.0 8.0 4.0 8.0 
4.0 8.0 4.0 8.0 4.0 8.0 4.0 8.0 4.0 8.0 4.0 8.0 4.0 8.0 4.0 8.0 4.0 8.0 4.0 8.0 
4.0 8.0 4.0 8.0 4.0 8.0 4.0 8.0 4.0 8.0 4.0 8.0 4.0 8.0 4.0 8.0 4.0 8.0 4.0 8.0 
4.0 8.0 4.0 8.0 4.0 8.0 4.0 8.0 4.0 8.0 4.0 8.0 4.0 8.0 4.0 8.0 4.0 8.0 4.0 8.0 
4.0 8.0 4.0 8.0 4.0 8.0 4.0 8.0 4.0 8.0 4.0 8.0 4.0 8.0 4.0 8.0 4.0 8.0 4.0 8.0 
4.0 8.0

25.0 100.0 25.5 100.0 26.0 100.0 26.5 100.0 27.0 100.0 27.5 100.0 28.0 100.0 28.5 100.0 29.0 100.0 29.5 100.0 
30.0 100.0 30.5 100.0 31.0 100.0 31.5 100.0 32.0 100.0 32.5 100.0 33.0 100.0 33.5 100.0 34.0 100.0 34.5 100.0 
35.0 100.0 35.5 100.0 36.0 100.0 36.5 100.0 37.0 100.0 37.5 100.0 38.0 100.0 38.5 100.0 39.0 100.0 39.5 100.0 
40.0 100.0 40.5 100.0 41.0 100.0 41.5 100.0 42.0 100.0 42.5 100.0 43.0 100.0 43.5 100.0 44.0 100.0 44.5 100.0 
45.0 100.0 45.5 100.0 46.0 100.0 46.5 100.0 47.0 100.0 47.5 100.0 48.0 100.0 48.5 100.0 49.0 100.0 49.5 100.0 
50.0 100.0 50.5 100.0 51.0 100.0 51.5 100.0 52.0 100.0 52.5 100.0 53.0 100.0 53.5 100.0 54.0 100.0 54.5 100.0 
55.0 100.0 55.5 100.0 56.0 100.0 56.5 100.0 57.0 100.0 57.5 100.0 58.0 100.0 58.5 100.0 59.0 100.0 59.5 100.0 
60.0 100.0 60.5 100.0 61.0 100.0 61.5 100.0 62.0 100.0 62.5 100.0 63.0 100.0 63.5 100.0 64.0 100.0 64.5 100.0 
65.0 100.0 65.5 100.0 66.0 100.0 66.5 100.0 67.0 100.0 67.5 100.0 68.0 100.0 68.5 100.0 69.0 100.0 69.5 100.0 
70.0 100.0 70.5 100.0 71.0 100.0 71.5 100.0 72.0 100.0 72.5 100.0 73.0 100.0 73.5 100.0 74.0 100.0 74.5 100.0 
75.0 100.0 75.5 100.0 76.0 100.0 76.5 100.0 77.0 100.0 77.5 100.0 78.0 100.0 78.5 100.0 79.0 100.0 79.5 100.0 
80.0 100.0 80.5 100.0 81.0 100.0 81.5 100.0 82.0 100.0 82.5 100.0 83.0 100.0 83.5 100.0 84.0 100.0 84.5 100.0 
85.0 100.0 

3 4.0 3 4.0 3 4.0 3 4.0 3 4.0 3 4.0 3 4.0 3 4.0 3 4.0 3 4.0 
3 4.0 3 4.0 3 4.0 3 4.0 3 4.0 3 4.0 3 4.0 3 4.0 3 4.0 3 4.0 
3 4.0 3 4.0 3 4.0 3 4.0 3 4.0 3 4.0 3 4.0 3 4.0 3 4.0 3 4.0 
3 4.0 3 4.0 3 4.0 3 4.0 3 4.0 3 4.0 3 4.0 3 4.0 3 4.0 3 4.0 
3 4.0 3 4.0 3 4.0 3 4.0 3 4.0 3 4.0 3 4.0 3 4.0 3 4.0 3 4.0 
3 4.0 3 4.0 3 4.0 3 4.0 3 4.0 3 4.0 3 4.0 3 4.0 3 4.0 3 4.0 
3 4.0 3 4.0 3 4.0 3 4.0 3 4.0 3 4.0 3 4.0 3 4.0 3 4.0 3 4.0 
3 4.0 3 4.0 3 4.0 3 4.0 3 4.0 3 4.0 3 4.0 3 4.0 3 4.0 3 4.0 
3 4.0 3 4.0 3 4.0 3 4.0 3 4.0 3 4.0 3 4.0 3 4.0 3 4.0 3 4.0 
3 4.0 3 4.0 3 4.0 3 4.0 3 4.0 3 4.0 3 4.0 3 4.0 3 4.0 3 4.0 
3 4.0 3 4.0 3 4.0 3 4.0 3 4.0 3 4.0 3 4.0 3 4.0 3 4.0 3 4.0 
3 4.0 3 4.0 3 4.0 3 4.0 3 4.0 3 4.0 3 4.0 3 4.0 3 4.0 3 4.0 
3 4.0 

0 15.0 0 15.0 0 15.0 0 15.0 0 15.0 0 15.0 0 15.0 0 15.0 0 15.0 0 15.0
0 15.0 0 15.0 0 15.0 0 15.0 0 15.0 0 15.0 0 15.0 0 15.0 0 15.0 0 15.0
0 15.0 0 15.0 0 15.0 0 15.0 0 15.0 0 15.0 0 15.0 0 15.0 0 15.0 0 15.0 
0 15.0 0 15.0 0 15.0 0 15.0 0 15.0 0 15.0 0 15.0 0 15.0 0 15.0 0 15.0 
0 15.0 0 15.0 0 15.0 0 15.0 0 15.0 0 15.0 0 15.0 0 15.0 0 15.0 0 15.0 
0 15.0 0 15.0 0 15.0 0 15.0 0 15.0 0 15.0 0 15.0 0 15.0 0 15.0 0 15.0
0 15.0 0 15.0 0 15.0 0 15.0 0 15.0 0 15.0 0 15.0 0 15.0 0 15.0 0 15.0
0 15.0 0 15.0 0 15.0 0 15.0 0 15.0 0 15.0 0 15.0 0 15.0 0 15.0 0 15.0
0 15.0 0 15.0 0 15.0 0 15.0 0 15.0 0 15.0 0 15.0 0 15.0 0 15.0 0 15.0
0 15.0 0 15.0 0 15.0 0 15.0 0 15.0 0 15.0 0 15.0 0 15.0 0 15.0 0 15.0
0 15.0 0 15.0 0 15.0 0 15.0 0 15.0 0 15.0 0 15.0 0 15.0 0 15.0 0 15.0 
0 15.0 0 15.0 0 15.0 0 15.0 0 15.0 0 15.0 0 15.0 0 15.0 0 15.0 0 15.0 0 15.0 

-.50 0.50 -.50 0.50 -.50 0.50 -.50 0.50 -.50 0.50 -.50 0.50 -.50 0.50 -.50 0.50 -.50 0.50 -.50 0.50
-.50 0.50 -.50 0.50 -.50 0.50 -.50 0.50 -.50 0.50 -.50 0.50 -.50 0.50 -.50 0.50 -.50 0.50 -.50 0.50
-.50 0.50 -.50 0.50 -.50 0.50 -.50 0.50 -.50 0.50 -.50 0.50 -.50 0.50 -.50 0.50 -.50 0.50 -.50 0.50 
-.50 0.50 -.50 0.50 -.50 0.50 -.50 0.50 -.50 0.50 -.50 0.50 -.50 0.50 -.50 0.50 -.50 0.50 -.50 0.50 
-.50 0.50 -.50 0.50 -.50 0.50 -.50 0.50 -.50 0.50 -.50 0.50 -.50 0.50 -.50 0.50 -.50 0.50 -.50 0.50 
-.50 0.50 -.50 0.50 -.50 0.50 -.50 0.50 -.50 0.50 -.50 0.50 -.50 0.50 -.50 0.50 -.50 0.50 -.50 0.50
-.50 0.50 -.50 0.50 -.50 0.50 -.50 0.50 -.50 0.50 -.50 0.50 -.50 0.50 -.50 0.50 -.50 0.50 -.50 0.50
-.50 0.50 -.50 0.50 -.50 0.50 -.50 0.50 -.50 0.50 -.50 0.50 -.50 0.50 -.50 0.50 -.50 0.50 -.50 0.50
-.50 0.50 -.50 0.50 -.50 0.50 -.50 0.50 -.50 0.50 -.50 0.50 -.50 0.50 -.50 0.50 -.50 0.50 -.50 0.50
-.50 0.50 -.50 0.50 -.50 0.50 -.50 0.50 -.50 0.50 -.50 0.50 -.50 0.50 -.50 0.50 -.50 0.50 -.50 0.50
-.50 0.50 -.50 0.50 -.50 0.50 -.50 0.50 -.50 0.50 -.50 0.50 -.50 0.50 -.50 0.50 -.50 0.50 -.50 0.50
-.50 0.50 -.50 0.50 -.50 0.50 -.50 0.50 -.50 0.50 -.50 0.50 -.50 0.50 -.50 0.50 -.50 0.50 -.50 0.50 -.50 0.50 

0.0 0.8 1.6 2.4 3.2 4.0 4.8 5.6 6.4 7.2 
8.0 8.8 9.6 10.4 11.2 12.0 12.8 13.6 14.4 15.2 
16.0 16.8 17.6 18.4 19.2 20.0 20.8 21.6 22.4 23.2 
24.0 24.8 25.6 26.4 27.2 28.0 28.8 29.6 30.4 31.2 
32.0 32.8 33.6 34.4 35.2 36.0 36.8 37.6 38.4 39.2 
40.0 41.0 42.0 43.0 44.0 45.0 46.0 47.0 48.0 49.0 
50.0 51.0 52.0 53.0 54.0 55.0 56.0 57.0 58.0 59.0 
60.0 61.0 62.0 63.0 64.0 65.0 66.0 67.0 68.0 69.0 
70.0 70.75 71.5 72.25 73.0 73.75 74.5 75.25 76.0 76.75 
77.5 78.25 79.0 79.75 80.5 81.25 82.0 82.75 83.5 84.25 
85.0 85.75 86.5 87.25 88.0 88.75 89.5 90.25 91.0 91.75 
92.5 93.25 94.0 94.75 95.5 96.25 97.0 97.75 98.5 99.25 
100.0

3.0 3.04 3.08 3.12 3.16 3.2 3.24 3.28 3.32 3.36 
3.4 3.44 3.48 3.52 3.56 3.6 3.64 3.68 3.72 3.76 
3.8 3.84 3.88 3.92 3.96 4.0 4.04 4.08 4.12 4.16 
4.2 4.24 4.28 4.32 4.36 4.4 4.44 4.48 4.52 4.56 
4.6 4.64 4.68 4.72 4.76 4.8 4.84 4.88 4.92 4.96 
5.0 4.96 4.93 4.9 4.86 4.83 4.8 4.76 4.73 4.7 
4.66 4.63 4.6 4.56 4.53 4.5 4.46 4.43 4.4 4.36 
4.33 4.3 4.26 4.23 4.2 4.16 4.13 4.1 4.06 4.03 
4.0 3.95 3.9 3.85 3.8 3.75 3.7 3.65 3.6 3.55 
3.5 3.45 3.4 3.35 3.3 3.25 3.2 3.15 3.1 3.05 
3.0 3.0 3.0 3.0 3.0 3.0 3.0 3.0 3.0 3.0 
3.0 3.0 3.0 3.0 3.0 3.0 3.0 3.0 3.0 3.0 
3.0 

0 0 0 0 0 0 0 0 0 0 0 0 0 0 0 0 0 0 0 0 0 0 0 0 0 0 0 0 0 0 0 0 0 0 0 0 0 0 0 0 0 0 0 0 0 0 0 0 0 0 0 0 0 0 0 0 0 0 0 0 0 0 0 0 0 0 0 0 0 0 0

0 0 0 0 0 0 0 0 0 0 0 0 0 0 0 0 0 0 0 0 0 0 0 0 0 0 0 0 0 0 0 0 0 0 0 0 0 0 0 0 0 0 0 0 0 0 0 0 0 0 0 0 0 0 0 0 0 0 0 0 0 0 0 0 0 0 0 0 0 0 0
