71 0.1

0.0 7.31 0.0

3.5 0.0 0.0

3

5.0 0.0 

-3.0 2.0
-30 30

-2 2
-20 20

0.0 50.0 0.0 50.0 0.0 50.0 0.0 50.0 0.0 50.0 0.0 50.0 0.0 50.0 0.0 50.0 0.0 50.0 
0.0 50.0 0.0 50.0 0.0 50.0 0.0 50.0 0.0 50.0 0.0 50.0 0.0 50.0 0.0 50.0 0.0 50.0 0.0 50.0 
0.0 50.0 0.0 50.0 0.0 50.0 0.0 50.0 0.0 50.0 0.0 50.0 0.0 50.0 0.0 50.0 0.0 50.0 0.0 50.0 
0.0 50.0 0.0 50.0 0.0 50.0 0.0 50.0 0.0 50.0 0.0 50.0 0.0 50.0 0.0 50.0 0.0 50.0 0.0 50.0 
0.0 50.0 0.0 50.0 0.0 50.0 0.0 50.0 0.0 50.0 0.0 50.0 0.0 50.0 0.0 50.0 0.0 50.0 0.0 50.0 
0.0 50.0 0.0 50.0 0.0 50.0 0.0 50.0 0.0 50.0 0.0 50.0 0.0 50.0 0.0 50.0 0.0 50.0 0.0 50.0 
0.0 50.0 0.0 50.0 0.0 50.0 0.0 50.0 0.0 50.0 0.0 50.0 0.0 50.0 0.0 50.0 0.0 50.0 0.0 50.0 
0.0 50.0 0.0 50.0 

-2.0 1.5 -2.0 1.5 -2.0 1.5 -2.0 1.5 -2.0 1.5 -2.0 1.5 -2.0 1.5 -2.0 1.5 -2.0 1.5 
-2.0 1.5 -2.0 1.5 -2.0 1.5 -2.0 1.5 -2.0 1.5 -2.0 1.5 -2.0 1.5 -2.0 1.5 -2.0 1.5 -2.0 1.5 
-2.0 1.5 -2.0 1.5 -2.0 1.5 -2.0 1.5 -2.0 1.5 -2.0 1.5 -2.0 1.5 -2.0 1.5 -2.0 1.5 -2.0 1.5 
-2.0 1.5 -2.0 1.5 -2.0 1.5 -2.0 1.5 -2.0 1.5 -2.0 1.5 -2.0 1.5 -2.0 1.5 -2.0 1.5 -2.0 1.5 
-2.0 1.5 -2.0 1.5 -2.0 1.5 -2.0 1.5 -2.0 1.5 -2.0 1.5 -2.0 1.5 -2.0 1.5 -2.0 1.5 -2.0 1.5 
-2.0 1.5 -2.0 1.5 -2.0 1.5 -2.0 1.5 -2.0 1.5 -2.0 1.5 -2.0 1.5 -2.0 1.5 -2.0 1.5 -2.0 1.5 
-2.0 1.5 -2.0 1.5 -2.0 1.5 -2.0 1.5 -2.0 1.5 -2.0 1.5 -2.0 1.5 -2.0 1.5 -2.0 1.5 -2.0 1.5 
-2.0 1.5 -2.0 1.5 

0.0 7.72 0.0 8.22 0.0 8.72 0.0 9.22 0.0 9.72 0.0 10.22 0.0 10.72 0.0 11.22 0.0 11.72 
0.0 12.22 0.0 12.72 0.0 13.22 0.0 13.72 0.0 14.22 0.0 14.72 0.0 15.22 0.0 15.72 0.0 16.22 0.0 16.72 
0.0 17.22 0.0 17.72 0.0 18.22 0.0 18.72 0.0 19.22 0.0 19.72 0.0 20.22 0.0 20.72 0.0 21.22 0.0 21.72 
0.0 22.22 0.0 22.72 0.0 23.22 0.0 23.72 0.0 24.22 0.0 24.72 0.0 25.22 0.0 25.72 0.0 26.22 0.0 26.72 
0.0 27.22 0.0 27.72 0.0 50.0 0.0 50.0 0.0 50.0 0.0 50.0 0.0 50.0 0.0 50.0 0.0 50.0 0.0 50.0 
0.0 50.0 0.0 50.0 0.0 50.0 0.0 50.0 0.0 50.0 0.0 50.0 0.0 50.0 0.0 50.0 0.0 50.0 0.0 50.0 
0.0 50.0 0.0 50.0 0.0 50.0 0.0 50.0 0.0 50.0 0.0 50.0 0.0 50.0 0.0 50.0 0.0 50.0 0.0 50.0 
0.0 50.0 0.0 50.0 

1.5 5.5 1.5 5.5 1.5 5.5 1.5 5.5 1.5 5.5 1.5 5.5 1.5 5.5 1.5 5.5 1.5 5.5 
1.5 5.5 1.5 5.5 1.5 5.5 1.5 5.5 1.5 5.5 1.5 5.5 1.5 5.5 1.5 5.5 1.5 5.5 1.5 5.5 
1.5 5.5 1.5 5.5 1.5 5.5 1.5 5.5 1.5 5.5 1.5 5.5 1.5 5.5 1.5 5.5 1.5 5.5 1.5 5.5 
1.5 5.5 1.5 5.5 1.5 5.5 1.5 5.5 1.5 5.5 1.5 5.5 1.5 5.5 1.5 5.5 1.5 5.5 1.5 5.5 
1.5 5.5 1.5 5.5 1.5 5.5 1.5 5.5 1.5 5.5 1.5 5.5 1.5 5.5 1.5 5.5 1.5 5.5 1.5 5.5 
1.5 5.5 1.5 5.5 1.5 5.5 1.5 5.5 1.5 5.5 1.5 5.5 1.5 5.5 1.5 5.5 1.5 5.5 1.5 5.5 
1.5 5.5 1.5 5.5 1.5 5.5 1.5 5.5 1.5 5.5 1.5 5.5 1.5 5.5 1.5 5.5 1.5 5.5 1.5 5.5 
1.5 5.5 1.5 5.5 

0.0 50.0 0.0 50.0 0.0 50.0 0.0 50.0 0.0 50.0 0.0 50.0 0.0 50.0 0.0 50.0 0.0 50.0 
0.0 50.0 0.0 50.0 0.0 50.0 0.0 50.0 0.0 50.0 0.0 50.0 0.0 50.0 0.0 50.0 0.0 50.0 0.0 50.0 
0.0 50.0 0.0 50.0 0.0 50.0 0.0 50.0 0.0 50.0 0.0 50.0 0.0 50.0 0.0 50.0 0.0 50.0 0.0 50.0 
0.0 50.0 0.0 50.0 0.0 50.0 0.0 50.0 0.0 50.0 0.0 50.0 0.0 50.0 0.0 50.0 0.0 50.0 0.0 50.0 
0.0 50.0 0.0 50.0 0.0 50.0 0.0 50.0 0.0 50.0 0.0 50.0 0.0 50.0 0.0 50.0 0.0 50.0 0.0 50.0 
0.0 50.0 0.0 50.0 0.0 50.0 0.0 50.0 0.0 50.0 0.0 50.0 0.0 50.0 0.0 50.0 0.0 50.0 0.0 50.0 
0.0 50.0 0.0 50.0 0.0 50.0 0.0 50.0 0.0 50.0 0.0 50.0 0.0 50.0 0.0 50.0 0.0 50.0 0.0 50.0 
0.0 50.0 0.0 50.0 

5.5 8.0 5.5 8.0 5.5 8.0 5.5 8.0 5.5 8.0 5.5 8.0 5.5 8.0 5.5 8.0 5.5 8.0 
5.5 8.0 5.5 8.0 5.5 8.0 5.5 8.0 5.5 8.0 5.5 8.0 5.5 8.0 5.5 8.0 5.5 8.0 5.5 8.0 
5.5 8.0 5.5 8.0 5.5 8.0 5.5 8.0 5.5 8.0 5.5 8.0 5.5 8.0 5.5 8.0 5.5 8.0 5.5 8.0 
5.5 8.0 5.5 8.0 5.5 8.0 5.5 8.0 5.5 8.0 5.5 8.0 5.5 8.0 5.5 8.0 5.5 8.0 5.5 8.0 
5.5 8.0 5.5 8.0 5.5 8.0 5.5 8.0 5.5 8.0 5.5 8.0 5.5 8.0 5.5 8.0 5.5 8.0 5.5 8.0 
5.5 8.0 5.5 8.0 5.5 8.0 5.5 8.0 5.5 8.0 5.5 8.0 5.5 8.0 5.5 8.0 5.5 8.0 5.5 8.0 
5.5 8.0 5.5 8.0 5.5 8.0 5.5 8.0 5.5 8.0 5.5 8.0 5.5 8.0 5.5 8.0 5.5 8.0 5.5 8.0 
5.5 8.0 5.5 8.0 

0 10.0 0 10.0 0 10.0 0 10.0 0 10.0 0 10.0 0 10.0 0 10.0 0 10.0 0 10.0
0 10.0 0 10.0 0 10.0 0 10.0 0 10.0 0 10.0 0 10.0 0 10.0 0 10.0 0 10.0
0 10.0 0 10.0 0 10.0 0 10.0 0 10.0 0 10.0 0 10.0 0 10.0 0 10.0 0 10.0
0 10.0 0 10.0 0 10.0 0 10.0 0 10.0 0 10.0 0 10.0 0 10.0 0 10.0 0 10.0
0 10.0 0 10.0 0 10.0 0 10.0 0 10.0 0 10.0 0 10.0 0 10.0 0 10.0 0 10.0
0 10.0 0 10.0 0 10.0 0 10.0 0 10.0 0 10.0 0 10.0 0 10.0 0 10.0 0 10.0
0 10.0 0 10.0 0 10.0 0 10.0 0 10.0 0 10.0 0 10.0 0 10.0 0 10.0 0 10.0 0 10.0

0 2.5 0 2.5 0 2.5 0 2.5 0 2.5 0 2.5 0 2.5 0 2.5 0 2.5 0 2.5
0 2.5 0 2.5 0 2.5 0 2.5 0 2.5 0 2.5 0 2.5 0 2.5 0 2.5 0 2.5
0 2.5 0 2.5 0 2.5 0 2.5 0 2.5 0 2.5 0 2.5 0 2.5 0 2.5 0 2.5
0 2.5 0 2.5 0 2.5 0 2.5 0 2.5 0 2.5 0 2.5 0 2.5 0 2.5 0 2.5
0 2.5 0 2.5 0 2.5 0 2.5 0 2.5 0 2.5 0 2.5 0 2.5 0 2.5 0 2.5
0 2.5 0 2.5 0 2.5 0 2.5 0 2.5 0 2.5 0 2.5 0 2.5 0 2.5 0 2.5
0 2.5 0 2.5 0 2.5 0 2.5 0 2.5 0 2.5 0 2.5 0 2.5 0 2.5 0 2.5 0 2.5

0.0 0.5714 1.1429 1.7143 2.2857 2.8571 3.4286 4.0 4.5714 5.1429 5.7143 6.2857 6.8571 7.4286 8.0 8.5714 9.1429 9.7143 10.2857 10.8571 11.4286 12.0 12.5714 13.1429 13.7143 14.2857 14.8571 15.4286 16.0 16.5714 17.1429 17.7143 18.2857 18.8571 19.4286 20.0 20.5714 21.1429 21.7143 22.2857 22.8571 23.4286 24.0 24.5714 25.1429 25.7143 26.2857 26.8571 27.4286 28.0 28.5714 29.1429 29.7143 30.2857 30.8571 31.4286 32.0 32.5714 33.1429 33.7143 34.2857 34.8571 35.4286 36.0 36.5714 37.1429 37.7143 38.2857 38.8571 39.4286 40.0

3.5 3.5 3.5 3.5 3.5 3.5 3.5 3.5 3.5 3.5 3.5 3.5 3.5 3.5 3.5 3.5 3.5 3.5 3.5 3.5 3.5 3.5 3.5 3.5 3.5 3.5 3.5 3.5 3.5 3.5 3.5 3.5 3.5 3.5 3.5 3.5 3.5 3.5 3.5 3.5 3.5 3.5 3.5 3.5 3.5 3.5 3.5 3.5 3.5 3.5 3.5 3.5 3.5 3.5 3.5 3.5 3.5 3.5 3.5 3.5 3.5 3.5 3.5 3.5 3.5 3.5 3.5 3.5 3.5 3.5 3.5

0 0 0 0 0 0 0 0 0 0 0 0 0 0 0 0 0 0 0 0 0 0 0 0 0 0 0 0 0 0 0 0 0 0 0 0 0 0 0 0 0 0 0 0 0 0 0 0 0 0 0 0 0 0 0 0 0 0 0 0 0 0 0 0 0 0 0 0 0 0 0
0 0 0 0 0 0 0 0 0 0 0 0 0 0 0 0 0 0 0 0 0 0 0 0 0 0 0 0 0 0 0 0 0 0 0 0 0 0 0 0 0 0 0 0 0 0 0 0 0 0 0 0 0 0 0 0 0 0 0 0 0 0 0 0 0 0 0 0 0 0
