71 0.1

0.0 9.98 0.0

3.4 0.199587989100071 0.0

3

7.0 0.0 

-2.0 2.0
-30 30

-0.7 0.7
-10 10

0.0 50.0 0.0 50.0 0.0 50.0 0.0 50.0 0.0 50.0 0.0 50.0 0.0 50.0 0.0 50.0 0.0 50.0 
0.0 50.0 0.0 50.0 0.0 50.0 0.0 50.0 0.0 50.0 0.0 50.0 0.0 50.0 0.0 50.0 0.0 50.0 0.0 50.0 
0.0 50.0 0.0 50.0 0.0 50.0 0.0 50.0 0.0 50.0 0.0 50.0 0.0 50.0 0.0 50.0 0.0 50.0 0.0 50.0 
0.0 50.0 0.0 50.0 0.0 50.0 0.0 50.0 0.0 50.0 0.0 50.0 0.0 50.0 0.0 50.0 0.0 50.0 0.0 50.0 
0.0 50.0 0.0 50.0 0.0 50.0 0.0 50.0 0.0 50.0 0.0 50.0 0.0 50.0 0.0 50.0 0.0 50.0 0.0 50.0 
0.0 50.0 0.0 50.0 0.0 50.0 0.0 50.0 0.0 50.0 0.0 50.0 0.0 50.0 0.0 50.0 0.0 50.0 0.0 50.0 
0.0 50.0 0.0 50.0 0.0 50.0 0.0 50.0 0.0 50.0 0.0 50.0 0.0 50.0 0.0 50.0 0.0 50.0 0.0 50.0 
0.0 50.0 0.0 50.0 

-2.0 2.166666666666667 -2.0 2.166666666666667 -2.0 2.166666666666667 -2.0 2.166666666666667 -2.0 2.166666666666667 -2.0 2.166666666666667 -2.0 2.166666666666667 -2.0 2.166666666666667 -2.0 2.166666666666667 
-2.0 2.166666666666667 -2.0 2.166666666666667 -2.0 2.166666666666667 -2.0 2.166666666666667 -2.0 2.166666666666667 -2.0 2.166666666666667 -2.0 2.166666666666667 -2.0 2.166666666666667 -2.0 2.166666666666667 -2.0 2.166666666666667 
-2.0 2.166666666666667 -2.0 2.166666666666667 -2.0 2.166666666666667 -2.0 2.166666666666667 -2.0 2.166666666666667 -2.0 2.166666666666667 -2.0 2.166666666666667 -2.0 2.166666666666667 -2.0 2.166666666666667 -2.0 2.166666666666667 
-2.0 2.166666666666667 -2.0 2.166666666666667 -2.0 2.166666666666667 -2.0 2.166666666666667 -2.0 2.166666666666667 -2.0 2.166666666666667 -2.0 2.166666666666667 -2.0 2.166666666666667 -2.0 2.166666666666667 -2.0 2.166666666666667 
-2.0 2.166666666666667 -2.0 2.166666666666667 -2.0 2.166666666666667 -2.0 2.166666666666667 -2.0 2.166666666666667 -2.0 2.166666666666667 -2.0 2.166666666666667 -2.0 2.166666666666667 -2.0 2.166666666666667 -2.0 2.166666666666667 
-2.0 2.166666666666667 -2.0 2.166666666666667 -2.0 2.166666666666667 -2.0 2.166666666666667 -2.0 2.166666666666667 -2.0 2.166666666666667 -2.0 2.166666666666667 -2.0 2.166666666666667 -2.0 2.166666666666667 -2.0 2.166666666666667 
-2.0 2.166666666666667 -2.0 2.166666666666667 -2.0 2.166666666666667 -2.0 2.166666666666667 -2.0 2.166666666666667 -2.0 2.166666666666667 -2.0 2.166666666666667 -2.0 2.166666666666667 -2.0 2.166666666666667 -2.0 2.166666666666667 
-2.0 2.166666666666667 -2.0 2.166666666666667 

0.0 5.14 0.0 5.74 0.0 6.34 0.0 6.94 0.0 7.54 0.0 8.14 0.0 8.74 0.0 9.34 0.0 9.94 
0.0 10.54 0.0 11.14 0.0 11.74 0.0 12.34 0.0 12.94 0.0 13.54 0.0 14.14 0.0 14.74 0.0 15.34 0.0 15.94 
0.0 16.54 0.0 17.14 0.0 17.74 0.0 18.34 0.0 18.94 0.0 19.54 0.0 20.14 16.33 20.74 16.78 21.34 17.23 21.94 
17.68 22.54 18.13 23.14 18.58 23.74 19.03 24.34 19.48 24.94 19.93 25.54 20.38 26.14 20.83 26.74 21.28 27.34 21.73 27.94 
22.18 28.54 22.63 29.14 23.08 50.0 23.53 50.0 23.98 50.0 24.43 50.0 24.88 50.0 25.33 50.0 25.78 50.0 26.23 50.0 
26.68 50.0 27.13 50.0 27.58 50.0 28.03 50.0 28.48 50.0 28.93 50.0 29.38 50.0 29.83 50.0 30.28 50.0 30.73 50.0 
31.18 50.0 31.63 50.0 32.08 50.0 32.53 50.0 32.98 50.0 33.43 50.0 33.88 50.0 0.0 50.0 0.0 50.0 0.0 50.0 
0.0 50.0 0.0 50.0 

2.166666666666667 4.833333333333333 2.166666666666667 4.833333333333333 2.166666666666667 4.833333333333333 2.166666666666667 4.833333333333333 2.166666666666667 4.833333333333333 2.166666666666667 4.833333333333333 2.166666666666667 4.833333333333333 2.166666666666667 4.833333333333333 2.166666666666667 4.833333333333333 
2.166666666666667 4.833333333333333 2.166666666666667 4.833333333333333 2.166666666666667 4.833333333333333 2.166666666666667 4.833333333333333 2.166666666666667 4.833333333333333 2.166666666666667 4.833333333333333 2.166666666666667 4.833333333333333 2.166666666666667 4.833333333333333 2.166666666666667 4.833333333333333 2.166666666666667 4.833333333333333 
2.166666666666667 4.833333333333333 2.166666666666667 4.833333333333333 2.166666666666667 4.833333333333333 2.166666666666667 4.833333333333333 2.166666666666667 4.833333333333333 2.166666666666667 4.833333333333333 2.166666666666667 4.833333333333333 2.166666666666667 4.833333333333333 2.166666666666667 4.833333333333333 2.166666666666667 4.833333333333333 
2.166666666666667 4.833333333333333 2.166666666666667 4.833333333333333 2.166666666666667 4.833333333333333 2.166666666666667 4.833333333333333 2.166666666666667 4.833333333333333 2.166666666666667 4.833333333333333 2.166666666666667 4.833333333333333 2.166666666666667 4.833333333333333 2.166666666666667 4.833333333333333 2.166666666666667 4.833333333333333 
2.166666666666667 4.833333333333333 2.166666666666667 4.833333333333333 2.166666666666667 4.833333333333333 2.166666666666667 4.833333333333333 2.166666666666667 4.833333333333333 2.166666666666667 4.833333333333333 2.166666666666667 4.833333333333333 2.166666666666667 4.833333333333333 2.166666666666667 4.833333333333333 2.166666666666667 4.833333333333333 
2.166666666666667 4.833333333333333 2.166666666666667 4.833333333333333 2.166666666666667 4.833333333333333 2.166666666666667 4.833333333333333 2.166666666666667 4.833333333333333 2.166666666666667 4.833333333333333 2.166666666666667 4.833333333333333 2.166666666666667 4.833333333333333 2.166666666666667 4.833333333333333 2.166666666666667 4.833333333333333 
2.166666666666667 4.833333333333333 2.166666666666667 4.833333333333333 2.166666666666667 4.833333333333333 2.166666666666667 4.833333333333333 2.166666666666667 4.833333333333333 2.166666666666667 4.833333333333333 2.166666666666667 4.833333333333333 2.166666666666667 4.833333333333333 2.166666666666667 4.833333333333333 2.166666666666667 4.833333333333333 
2.166666666666667 4.833333333333333 2.166666666666667 4.833333333333333 

0.0 50.0 0.0 50.0 0.0 50.0 0.0 50.0 0.0 50.0 0.0 50.0 0.0 50.0 0.0 50.0 0.0 50.0 
0.0 50.0 0.0 50.0 0.0 50.0 0.0 50.0 0.0 50.0 0.0 50.0 0.0 50.0 0.0 50.0 0.0 50.0 0.0 50.0 
0.0 50.0 0.0 50.0 0.0 50.0 0.0 50.0 0.0 50.0 0.0 50.0 0.0 50.0 0.0 50.0 0.0 50.0 0.0 50.0 
0.0 50.0 0.0 50.0 0.0 50.0 0.0 50.0 0.0 50.0 0.0 50.0 0.0 50.0 0.0 50.0 0.0 50.0 0.0 50.0 
0.0 50.0 0.0 50.0 0.0 50.0 0.0 50.0 0.0 50.0 0.0 50.0 0.0 50.0 0.0 50.0 0.0 50.0 0.0 50.0 
0.0 50.0 0.0 50.0 0.0 50.0 0.0 50.0 0.0 50.0 0.0 50.0 0.0 50.0 0.0 50.0 0.0 50.0 0.0 50.0 
0.0 50.0 0.0 50.0 0.0 50.0 0.0 50.0 0.0 50.0 0.0 50.0 0.0 50.0 0.0 50.0 0.0 50.0 0.0 50.0 
0.0 50.0 0.0 50.0 

4.833333333333333 8.0 4.833333333333333 8.0 4.833333333333333 8.0 4.833333333333333 8.0 4.833333333333333 8.0 4.833333333333333 8.0 4.833333333333333 8.0 4.833333333333333 8.0 4.833333333333333 8.0 
4.833333333333333 8.0 4.833333333333333 8.0 4.833333333333333 8.0 4.833333333333333 8.0 4.833333333333333 8.0 4.833333333333333 8.0 4.833333333333333 8.0 4.833333333333333 8.0 4.833333333333333 8.0 4.833333333333333 8.0 
4.833333333333333 8.0 4.833333333333333 8.0 4.833333333333333 8.0 4.833333333333333 8.0 4.833333333333333 8.0 4.833333333333333 8.0 4.833333333333333 8.0 4.833333333333333 8.0 4.833333333333333 8.0 4.833333333333333 8.0 
4.833333333333333 8.0 4.833333333333333 8.0 4.833333333333333 8.0 4.833333333333333 8.0 4.833333333333333 8.0 4.833333333333333 8.0 4.833333333333333 8.0 4.833333333333333 8.0 4.833333333333333 8.0 4.833333333333333 8.0 
4.833333333333333 8.0 4.833333333333333 8.0 4.833333333333333 8.0 4.833333333333333 8.0 4.833333333333333 8.0 4.833333333333333 8.0 4.833333333333333 8.0 4.833333333333333 8.0 4.833333333333333 8.0 4.833333333333333 8.0 
4.833333333333333 8.0 4.833333333333333 8.0 4.833333333333333 8.0 4.833333333333333 8.0 4.833333333333333 8.0 4.833333333333333 8.0 4.833333333333333 8.0 4.833333333333333 8.0 4.833333333333333 8.0 4.833333333333333 8.0 
4.833333333333333 8.0 4.833333333333333 8.0 4.833333333333333 8.0 4.833333333333333 8.0 4.833333333333333 8.0 4.833333333333333 8.0 4.833333333333333 8.0 4.833333333333333 8.0 4.833333333333333 8.0 4.833333333333333 8.0 
4.833333333333333 8.0 4.833333333333333 8.0 

0 10.0 0 10.0 0 10.0 0 10.0 0 10.0 0 10.0 0 10.0 0 10.0 0 10.0 0 10.0
0 10.0 0 10.0 0 10.0 0 10.0 0 10.0 0 10.0 0 10.0 0 10.0 0 10.0 0 10.0
0 10.0 0 10.0 0 10.0 0 10.0 0 10.0 0 10.0 0 10.0 0 10.0 0 10.0 0 10.0
0 10.0 0 10.0 0 10.0 0 10.0 0 10.0 0 10.0 0 10.0 0 10.0 0 10.0 0 10.0
0 10.0 0 10.0 0 10.0 0 10.0 0 10.0 0 10.0 0 10.0 0 10.0 0 10.0 0 10.0
0 10.0 0 10.0 0 10.0 0 10.0 0 10.0 0 10.0 0 10.0 0 10.0 0 10.0 0 10.0
0 10.0 0 10.0 0 10.0 0 10.0 0 10.0 0 10.0 0 10.0 0 10.0 0 10.0 0 10.0 0 10.0

-2.0 2.0 -2.0 2.0 -2.0 2.0 -2.0 2.0 -2.0 2.0 -2.0 2.0 -2.0 2.0 -2.0 2.0 -2.0 2.0 -2.0 2.0
-2.0 2.0 -2.0 2.0 -2.0 2.0 -2.0 2.0 -2.0 2.0 -2.0 2.0 -2.0 2.0 -2.0 2.0 -2.0 2.0 -2.0 2.0
-2.0 2.0 -2.0 2.0 -2.0 2.0 -2.0 2.0 -2.0 2.0 -2.0 2.0 -2.0 2.0 -2.0 2.0 -2.0 2.0 -2.0 2.0
-2.0 2.0 -2.0 2.0 -2.0 2.0 -2.0 2.0 -2.0 2.0 -2.0 2.0 -2.0 2.0 -2.0 2.0 -2.0 2.0 -2.0 2.0
-2.0 2.0 -2.0 2.0 -2.0 2.0 -2.0 2.0 -2.0 2.0 -2.0 2.0 -2.0 2.0 -2.0 2.0 -2.0 2.0 -2.0 2.0
-2.0 2.0 -2.0 2.0 -2.0 2.0 -2.0 2.0 -2.0 2.0 -2.0 2.0 -2.0 2.0 -2.0 2.0 -2.0 2.0 -2.0 2.0
-2.0 2.0 -2.0 2.0 -2.0 2.0 -2.0 2.0 -2.0 2.0 -2.0 2.0 -2.0 2.0 -2.0 2.0 -2.0 2.0 -2.0 2.0 -2.0 2.0

0.0 0.8 1.61 2.44 3.29 4.16 5.04 5.14 5.74 6.34 6.94 7.54 8.14 8.74 9.34 9.94 10.54 11.14 11.74 12.34 12.94 13.54 14.14 14.74 15.34 15.94 16.54 17.14 17.74 18.34 18.94 19.54 20.14 20.74 21.34 21.94 22.54 23.14 23.74 24.34 24.94 25.54 26.14 26.74 27.34 27.94 28.54 29.14 29.74 30.34 30.94 31.54 32.14 32.74 33.34 33.94 34.54 35.14 35.74 36.34 36.94 37.54 38.14 38.74 39.34 39.94 40.54 41.14 41.74 42.34 42.94 

3.12 3.12 3.12 3.12 3.12 3.12 3.12 3.12 3.12 3.12 3.12 3.12 3.12 3.12 3.12 3.5 3.5 3.5 3.5 3.5 3.5 3.5 3.5 3.5 3.5 3.5 3.41 3.31 3.22 3.12 3.03 2.94 2.84 2.75 2.66 2.56 2.47 2.38 2.28 2.19 2.09 1.91 1.72 1.53 1.34 1.25 1.16 1.06 0.97 0.78 0.59 0.41 0.22 0.03 -0.06 -0.16 -0.25 -0.25 -0.25 -0.25 -0.25 -0.25 -0.25 -0.25 -0.25 -0.25 -0.25 -0.25 -0.25 -0.25 -0.25 

0 0 0 0 0 0 0 0 0 0 0 0 0 0 0 0 0 0 0 0 0 0 0 0 0 0 0 0 0 0 0 0 0 0 0 0 0 0 0 0 0 0 0 0 0 0 0 0 0 0 0 0 0 0 0 0 0 0 0 0 0 0 0 0 0 0 0 0 0 0 0
0 0 0 0 0 0 0 0 0 0 0 0 0 0 0 0 0 0 0 0 0 0 0 0 0 0 0 0 0 0 0 0 0 0 0 0 0 0 0 0 0 0 0 0 0 0 0 0 0 0 0 0 0 0 0 0 0 0 0 0 0 0 0 0 0 0 0 0 0 0
