71 0.1

0.0 4.11 0.0

0.64 0.6635990592342688 0.0

5

7.0 0.0 

-2.0 2.0
-30 30

-0.7 0.7
-10 10

0.0 50.0 0.0 50.0 0.0 50.0 0.0 50.0 0.0 50.0 0.0 50.0 0.0 50.0 0.0 50.0 0.0 50.0 
0.0 50.0 0.0 50.0 0.0 50.0 0.0 50.0 0.0 50.0 0.0 50.0 0.0 50.0 0.0 50.0 0.0 50.0 0.0 50.0 
0.0 50.0 0.0 50.0 0.0 50.0 0.0 50.0 0.0 50.0 0.0 50.0 0.0 50.0 0.0 50.0 0.0 50.0 0.0 50.0 
0.0 50.0 0.0 50.0 0.0 50.0 0.0 50.0 0.0 50.0 0.0 50.0 0.0 50.0 0.0 50.0 0.0 50.0 0.0 50.0 
0.0 50.0 0.0 50.0 0.0 50.0 0.0 50.0 0.0 50.0 0.0 50.0 0.0 50.0 0.0 50.0 0.0 50.0 0.0 50.0 
0.0 50.0 0.0 50.0 0.0 50.0 0.0 50.0 0.0 50.0 0.0 50.0 0.0 50.0 0.0 50.0 0.0 50.0 0.0 50.0 
0.0 50.0 0.0 50.0 0.0 50.0 0.0 50.0 0.0 50.0 0.0 50.0 0.0 50.0 0.0 50.0 0.0 50.0 0.0 50.0 
0.0 50.0 0.0 50.0 

-2.0 1.2666666666666668 -2.0 1.2666666666666668 -2.0 1.2666666666666668 -2.0 1.2666666666666668 -2.0 1.2666666666666668 -2.0 1.2666666666666668 -2.0 1.2666666666666668 -2.0 1.2666666666666668 -2.0 1.2666666666666668 
-2.0 1.2666666666666668 -2.0 1.2666666666666668 -2.0 1.2666666666666668 -2.0 1.2666666666666668 -2.0 1.2666666666666668 -2.0 1.2666666666666668 -2.0 1.2666666666666668 -2.0 1.2666666666666668 -2.0 1.2666666666666668 -2.0 1.2666666666666668 
-2.0 1.2666666666666668 -2.0 1.2666666666666668 -2.0 1.2666666666666668 -2.0 1.2666666666666668 -2.0 1.2666666666666668 -2.0 1.2666666666666668 -2.0 1.2666666666666668 -2.0 1.2666666666666668 -2.0 1.2666666666666668 -2.0 1.2666666666666668 
-2.0 1.2666666666666668 -2.0 1.2666666666666668 -2.0 1.2666666666666668 -2.0 1.2666666666666668 -2.0 1.2666666666666668 -2.0 1.2666666666666668 -2.0 1.2666666666666668 -2.0 1.2666666666666668 -2.0 1.2666666666666668 -2.0 1.2666666666666668 
-2.0 1.2666666666666668 -2.0 1.2666666666666668 -2.0 1.2666666666666668 -2.0 1.2666666666666668 -2.0 1.2666666666666668 -2.0 1.2666666666666668 -2.0 1.2666666666666668 -2.0 1.2666666666666668 -2.0 1.2666666666666668 -2.0 1.2666666666666668 
-2.0 1.2666666666666668 -2.0 1.2666666666666668 -2.0 1.2666666666666668 -2.0 1.2666666666666668 -2.0 1.2666666666666668 -2.0 1.2666666666666668 -2.0 1.2666666666666668 -2.0 1.2666666666666668 -2.0 1.2666666666666668 -2.0 1.2666666666666668 
-2.0 1.2666666666666668 -2.0 1.2666666666666668 -2.0 1.2666666666666668 -2.0 1.2666666666666668 -2.0 1.2666666666666668 -2.0 1.2666666666666668 -2.0 1.2666666666666668 -2.0 1.2666666666666668 -2.0 1.2666666666666668 -2.0 1.2666666666666668 
-2.0 1.2666666666666668 -2.0 1.2666666666666668 

0.0 7.82 0.0 8.42 0.0 9.02 0.0 9.62 0.0 10.22 0.0 10.82 0.0 11.42 0.0 12.02 0.0 12.62 
0.0 13.22 0.0 13.82 0.0 14.42 0.0 15.02 0.0 15.62 0.0 16.22 0.0 16.82 0.0 17.42 0.0 18.02 0.0 18.62 
0.0 19.22 0.0 19.82 0.0 20.42 0.0 21.02 0.0 21.62 0.0 22.22 0.0 22.82 0.0 23.42 0.0 24.02 0.0 24.62 
0.0 25.22 0.0 25.82 0.0 26.42 0.0 27.02 0.0 27.62 0.0 28.22 0.0 28.82 0.0 29.42 0.0 30.02 0.0 30.62 
0.0 31.22 0.0 31.82 0.0 50.0 0.0 50.0 0.0 50.0 0.0 50.0 0.0 50.0 0.0 50.0 0.0 50.0 0.0 50.0 
0.0 50.0 0.0 50.0 0.0 50.0 0.0 50.0 0.0 50.0 0.0 50.0 0.0 50.0 0.0 50.0 0.0 50.0 0.0 50.0 
0.0 50.0 0.0 50.0 0.0 50.0 0.0 50.0 0.0 50.0 0.0 50.0 0.0 50.0 0.0 50.0 0.0 50.0 0.0 50.0 
0.0 50.0 0.0 50.0 

1.2666666666666668 2.166666666666667 1.2666666666666668 2.166666666666667 1.2666666666666668 2.166666666666667 1.2666666666666668 2.166666666666667 1.2666666666666668 2.166666666666667 1.2666666666666668 2.166666666666667 1.2666666666666668 2.166666666666667 1.2666666666666668 2.166666666666667 1.2666666666666668 2.166666666666667 
1.2666666666666668 2.166666666666667 1.2666666666666668 2.166666666666667 1.2666666666666668 2.166666666666667 1.2666666666666668 2.166666666666667 1.2666666666666668 2.166666666666667 1.2666666666666668 2.166666666666667 1.2666666666666668 2.166666666666667 1.2666666666666668 2.166666666666667 1.2666666666666668 2.166666666666667 1.2666666666666668 2.166666666666667 
1.2666666666666668 2.166666666666667 1.2666666666666668 2.166666666666667 1.2666666666666668 2.166666666666667 1.2666666666666668 2.166666666666667 1.2666666666666668 2.166666666666667 1.2666666666666668 2.166666666666667 1.2666666666666668 2.166666666666667 1.2666666666666668 2.166666666666667 1.2666666666666668 2.166666666666667 1.2666666666666668 2.166666666666667 
1.2666666666666668 2.166666666666667 1.2666666666666668 2.166666666666667 1.2666666666666668 2.166666666666667 1.2666666666666668 2.166666666666667 1.2666666666666668 2.166666666666667 1.2666666666666668 2.166666666666667 1.2666666666666668 2.166666666666667 1.2666666666666668 2.166666666666667 1.2666666666666668 2.166666666666667 1.2666666666666668 2.166666666666667 
1.2666666666666668 2.166666666666667 1.2666666666666668 2.166666666666667 1.2666666666666668 2.166666666666667 1.2666666666666668 2.166666666666667 1.2666666666666668 2.166666666666667 1.2666666666666668 2.166666666666667 1.2666666666666668 2.166666666666667 1.2666666666666668 2.166666666666667 1.2666666666666668 2.166666666666667 1.2666666666666668 2.166666666666667 
1.2666666666666668 2.166666666666667 1.2666666666666668 2.166666666666667 1.2666666666666668 2.166666666666667 1.2666666666666668 2.166666666666667 1.2666666666666668 2.166666666666667 1.2666666666666668 2.166666666666667 1.2666666666666668 2.166666666666667 1.2666666666666668 2.166666666666667 1.2666666666666668 2.166666666666667 1.2666666666666668 2.166666666666667 
1.2666666666666668 2.166666666666667 1.2666666666666668 2.166666666666667 1.2666666666666668 2.166666666666667 1.2666666666666668 2.166666666666667 1.2666666666666668 2.166666666666667 1.2666666666666668 2.166666666666667 1.2666666666666668 2.166666666666667 1.2666666666666668 2.166666666666667 1.2666666666666668 2.166666666666667 1.2666666666666668 2.166666666666667 
1.2666666666666668 2.166666666666667 1.2666666666666668 2.166666666666667 

0.0 7.82 0.0 8.42 0.0 9.02 0.0 9.62 0.0 10.22 0.0 10.82 0.0 11.42 0.0 12.02 0.0 12.62 
0.0 13.22 8.32 13.82 8.77 14.42 9.22 15.02 9.67 15.62 10.12 16.22 10.57 16.82 11.02 17.42 11.47 18.02 11.92 18.62 
12.37 19.22 12.82 19.82 13.27 20.42 13.72 21.02 14.17 21.62 14.62 22.22 15.07 22.82 15.52 23.42 15.97 24.02 16.42 24.62 
16.87 25.22 17.32 25.82 17.77 26.42 18.22 27.02 18.67 27.62 19.12 28.22 19.57 28.82 20.02 29.42 20.47 30.02 20.92 30.62 
21.37 31.22 21.82 31.82 22.27 50.0 22.72 50.0 23.17 50.0 23.62 50.0 24.07 50.0 24.52 50.0 24.97 50.0 25.42 50.0 
25.87 50.0 0.0 50.0 0.0 50.0 0.0 50.0 0.0 50.0 0.0 50.0 0.0 50.0 0.0 50.0 0.0 50.0 0.0 50.0 
0.0 50.0 0.0 50.0 0.0 50.0 0.0 50.0 0.0 50.0 0.0 50.0 0.0 50.0 0.0 50.0 0.0 50.0 0.0 50.0 
0.0 50.0 0.0 50.0 

2.166666666666667 3.9333333333333336 2.166666666666667 3.9333333333333336 2.166666666666667 3.9333333333333336 2.166666666666667 3.9333333333333336 2.166666666666667 3.9333333333333336 2.166666666666667 3.9333333333333336 2.166666666666667 3.9333333333333336 2.166666666666667 3.9333333333333336 2.166666666666667 3.9333333333333336 
2.166666666666667 3.9333333333333336 2.166666666666667 3.9333333333333336 2.166666666666667 3.9333333333333336 2.166666666666667 3.9333333333333336 2.166666666666667 3.9333333333333336 2.166666666666667 3.9333333333333336 2.166666666666667 3.9333333333333336 2.166666666666667 3.9333333333333336 2.166666666666667 3.9333333333333336 2.166666666666667 3.9333333333333336 
2.166666666666667 3.9333333333333336 2.166666666666667 3.9333333333333336 2.166666666666667 3.9333333333333336 2.166666666666667 3.9333333333333336 2.166666666666667 3.9333333333333336 2.166666666666667 3.9333333333333336 2.166666666666667 3.9333333333333336 2.166666666666667 3.9333333333333336 2.166666666666667 3.9333333333333336 2.166666666666667 3.9333333333333336 
2.166666666666667 3.9333333333333336 2.166666666666667 3.9333333333333336 2.166666666666667 3.9333333333333336 2.166666666666667 3.9333333333333336 2.166666666666667 3.9333333333333336 2.166666666666667 3.9333333333333336 2.166666666666667 3.9333333333333336 2.166666666666667 3.9333333333333336 2.166666666666667 3.9333333333333336 2.166666666666667 3.9333333333333336 
2.166666666666667 3.9333333333333336 2.166666666666667 3.9333333333333336 2.166666666666667 3.9333333333333336 2.166666666666667 3.9333333333333336 2.166666666666667 3.9333333333333336 2.166666666666667 3.9333333333333336 2.166666666666667 3.9333333333333336 2.166666666666667 3.9333333333333336 2.166666666666667 3.9333333333333336 2.166666666666667 3.9333333333333336 
2.166666666666667 3.9333333333333336 2.166666666666667 3.9333333333333336 2.166666666666667 3.9333333333333336 2.166666666666667 3.9333333333333336 2.166666666666667 3.9333333333333336 2.166666666666667 3.9333333333333336 2.166666666666667 3.9333333333333336 2.166666666666667 3.9333333333333336 2.166666666666667 3.9333333333333336 2.166666666666667 3.9333333333333336 
2.166666666666667 3.9333333333333336 2.166666666666667 3.9333333333333336 2.166666666666667 3.9333333333333336 2.166666666666667 3.9333333333333336 2.166666666666667 3.9333333333333336 2.166666666666667 3.9333333333333336 2.166666666666667 3.9333333333333336 2.166666666666667 3.9333333333333336 2.166666666666667 3.9333333333333336 2.166666666666667 3.9333333333333336 
2.166666666666667 3.9333333333333336 2.166666666666667 3.9333333333333336 

0.0 50.0 0.0 50.0 0.0 50.0 0.0 50.0 0.0 50.0 0.0 50.0 0.0 50.0 0.0 50.0 0.0 50.0 
0.0 50.0 8.32 50.0 8.77 50.0 9.22 50.0 9.67 50.0 10.12 50.0 10.57 50.0 11.02 50.0 11.47 50.0 11.92 50.0 
12.37 50.0 12.82 50.0 13.27 50.0 13.72 50.0 14.17 50.0 14.62 50.0 15.07 50.0 15.52 50.0 15.97 50.0 16.42 50.0 
16.87 50.0 17.32 50.0 17.77 50.0 18.22 50.0 18.67 50.0 19.12 50.0 19.57 50.0 20.02 50.0 20.47 50.0 20.92 50.0 
21.37 50.0 21.82 50.0 22.27 50.0 22.72 50.0 23.17 50.0 23.62 50.0 24.07 50.0 24.52 50.0 24.97 50.0 25.42 50.0 
25.87 50.0 0.0 50.0 0.0 50.0 0.0 50.0 0.0 50.0 0.0 50.0 0.0 50.0 0.0 50.0 0.0 50.0 0.0 50.0 
0.0 50.0 0.0 50.0 0.0 50.0 0.0 50.0 0.0 50.0 0.0 50.0 0.0 50.0 0.0 50.0 0.0 50.0 0.0 50.0 
0.0 50.0 0.0 50.0 

3.9333333333333336 4.833333333333333 3.9333333333333336 4.833333333333333 3.9333333333333336 4.833333333333333 3.9333333333333336 4.833333333333333 3.9333333333333336 4.833333333333333 3.9333333333333336 4.833333333333333 3.9333333333333336 4.833333333333333 3.9333333333333336 4.833333333333333 3.9333333333333336 4.833333333333333 
3.9333333333333336 4.833333333333333 3.9333333333333336 4.833333333333333 3.9333333333333336 4.833333333333333 3.9333333333333336 4.833333333333333 3.9333333333333336 4.833333333333333 3.9333333333333336 4.833333333333333 3.9333333333333336 4.833333333333333 3.9333333333333336 4.833333333333333 3.9333333333333336 4.833333333333333 3.9333333333333336 4.833333333333333 
3.9333333333333336 4.833333333333333 3.9333333333333336 4.833333333333333 3.9333333333333336 4.833333333333333 3.9333333333333336 4.833333333333333 3.9333333333333336 4.833333333333333 3.9333333333333336 4.833333333333333 3.9333333333333336 4.833333333333333 3.9333333333333336 4.833333333333333 3.9333333333333336 4.833333333333333 3.9333333333333336 4.833333333333333 
3.9333333333333336 4.833333333333333 3.9333333333333336 4.833333333333333 3.9333333333333336 4.833333333333333 3.9333333333333336 4.833333333333333 3.9333333333333336 4.833333333333333 3.9333333333333336 4.833333333333333 3.9333333333333336 4.833333333333333 3.9333333333333336 4.833333333333333 3.9333333333333336 4.833333333333333 3.9333333333333336 4.833333333333333 
3.9333333333333336 4.833333333333333 3.9333333333333336 4.833333333333333 3.9333333333333336 4.833333333333333 3.9333333333333336 4.833333333333333 3.9333333333333336 4.833333333333333 3.9333333333333336 4.833333333333333 3.9333333333333336 4.833333333333333 3.9333333333333336 4.833333333333333 3.9333333333333336 4.833333333333333 3.9333333333333336 4.833333333333333 
3.9333333333333336 4.833333333333333 3.9333333333333336 4.833333333333333 3.9333333333333336 4.833333333333333 3.9333333333333336 4.833333333333333 3.9333333333333336 4.833333333333333 3.9333333333333336 4.833333333333333 3.9333333333333336 4.833333333333333 3.9333333333333336 4.833333333333333 3.9333333333333336 4.833333333333333 3.9333333333333336 4.833333333333333 
3.9333333333333336 4.833333333333333 3.9333333333333336 4.833333333333333 3.9333333333333336 4.833333333333333 3.9333333333333336 4.833333333333333 3.9333333333333336 4.833333333333333 3.9333333333333336 4.833333333333333 3.9333333333333336 4.833333333333333 3.9333333333333336 4.833333333333333 3.9333333333333336 4.833333333333333 3.9333333333333336 4.833333333333333 
3.9333333333333336 4.833333333333333 3.9333333333333336 4.833333333333333 

0.0 50.0 0.0 50.0 0.0 50.0 0.0 50.0 0.0 50.0 0.0 50.0 0.0 50.0 0.0 50.0 0.0 50.0 
0.0 50.0 0.0 50.0 0.0 50.0 0.0 50.0 0.0 50.0 0.0 50.0 0.0 50.0 0.0 50.0 0.0 50.0 0.0 50.0 
0.0 50.0 0.0 50.0 0.0 50.0 0.0 50.0 0.0 50.0 0.0 50.0 0.0 50.0 0.0 50.0 0.0 50.0 0.0 50.0 
0.0 50.0 0.0 50.0 0.0 50.0 0.0 50.0 0.0 50.0 0.0 50.0 0.0 50.0 0.0 50.0 0.0 50.0 0.0 50.0 
0.0 50.0 0.0 50.0 0.0 50.0 0.0 50.0 0.0 50.0 0.0 50.0 0.0 50.0 0.0 50.0 0.0 50.0 0.0 50.0 
0.0 50.0 0.0 50.0 0.0 50.0 0.0 50.0 0.0 50.0 0.0 50.0 0.0 50.0 0.0 50.0 0.0 50.0 0.0 50.0 
0.0 50.0 0.0 50.0 0.0 50.0 0.0 50.0 0.0 50.0 0.0 50.0 0.0 50.0 0.0 50.0 0.0 50.0 0.0 50.0 
0.0 50.0 0.0 50.0 

4.833333333333333 8.0 4.833333333333333 8.0 4.833333333333333 8.0 4.833333333333333 8.0 4.833333333333333 8.0 4.833333333333333 8.0 4.833333333333333 8.0 4.833333333333333 8.0 4.833333333333333 8.0 
4.833333333333333 8.0 4.833333333333333 8.0 4.833333333333333 8.0 4.833333333333333 8.0 4.833333333333333 8.0 4.833333333333333 8.0 4.833333333333333 8.0 4.833333333333333 8.0 4.833333333333333 8.0 4.833333333333333 8.0 
4.833333333333333 8.0 4.833333333333333 8.0 4.833333333333333 8.0 4.833333333333333 8.0 4.833333333333333 8.0 4.833333333333333 8.0 4.833333333333333 8.0 4.833333333333333 8.0 4.833333333333333 8.0 4.833333333333333 8.0 
4.833333333333333 8.0 4.833333333333333 8.0 4.833333333333333 8.0 4.833333333333333 8.0 4.833333333333333 8.0 4.833333333333333 8.0 4.833333333333333 8.0 4.833333333333333 8.0 4.833333333333333 8.0 4.833333333333333 8.0 
4.833333333333333 8.0 4.833333333333333 8.0 4.833333333333333 8.0 4.833333333333333 8.0 4.833333333333333 8.0 4.833333333333333 8.0 4.833333333333333 8.0 4.833333333333333 8.0 4.833333333333333 8.0 4.833333333333333 8.0 
4.833333333333333 8.0 4.833333333333333 8.0 4.833333333333333 8.0 4.833333333333333 8.0 4.833333333333333 8.0 4.833333333333333 8.0 4.833333333333333 8.0 4.833333333333333 8.0 4.833333333333333 8.0 4.833333333333333 8.0 
4.833333333333333 8.0 4.833333333333333 8.0 4.833333333333333 8.0 4.833333333333333 8.0 4.833333333333333 8.0 4.833333333333333 8.0 4.833333333333333 8.0 4.833333333333333 8.0 4.833333333333333 8.0 4.833333333333333 8.0 
4.833333333333333 8.0 4.833333333333333 8.0 

0 10.0 0 10.0 0 10.0 0 10.0 0 10.0 0 10.0 0 10.0 0 10.0 0 10.0 0 10.0
0 10.0 0 10.0 0 10.0 0 10.0 0 10.0 0 10.0 0 10.0 0 10.0 0 10.0 0 10.0
0 10.0 0 10.0 0 10.0 0 10.0 0 10.0 0 10.0 0 10.0 0 10.0 0 10.0 0 10.0
0 10.0 0 10.0 0 10.0 0 10.0 0 10.0 0 10.0 0 10.0 0 10.0 0 10.0 0 10.0
0 10.0 0 10.0 0 10.0 0 10.0 0 10.0 0 10.0 0 10.0 0 10.0 0 10.0 0 10.0
0 10.0 0 10.0 0 10.0 0 10.0 0 10.0 0 10.0 0 10.0 0 10.0 0 10.0 0 10.0
0 10.0 0 10.0 0 10.0 0 10.0 0 10.0 0 10.0 0 10.0 0 10.0 0 10.0 0 10.0 0 10.0

-2.0 2.0 -2.0 2.0 -2.0 2.0 -2.0 2.0 -2.0 2.0 -2.0 2.0 -2.0 2.0 -2.0 2.0 -2.0 2.0 -2.0 2.0
-2.0 2.0 -2.0 2.0 -2.0 2.0 -2.0 2.0 -2.0 2.0 -2.0 2.0 -2.0 2.0 -2.0 2.0 -2.0 2.0 -2.0 2.0
-2.0 2.0 -2.0 2.0 -2.0 2.0 -2.0 2.0 -2.0 2.0 -2.0 2.0 -2.0 2.0 -2.0 2.0 -2.0 2.0 -2.0 2.0
-2.0 2.0 -2.0 2.0 -2.0 2.0 -2.0 2.0 -2.0 2.0 -2.0 2.0 -2.0 2.0 -2.0 2.0 -2.0 2.0 -2.0 2.0
-2.0 2.0 -2.0 2.0 -2.0 2.0 -2.0 2.0 -2.0 2.0 -2.0 2.0 -2.0 2.0 -2.0 2.0 -2.0 2.0 -2.0 2.0
-2.0 2.0 -2.0 2.0 -2.0 2.0 -2.0 2.0 -2.0 2.0 -2.0 2.0 -2.0 2.0 -2.0 2.0 -2.0 2.0 -2.0 2.0
-2.0 2.0 -2.0 2.0 -2.0 2.0 -2.0 2.0 -2.0 2.0 -2.0 2.0 -2.0 2.0 -2.0 2.0 -2.0 2.0 -2.0 2.0 -2.0 2.0

0.0 0.53 1.04 1.53 2.0 2.45 2.88 3.29 3.67 4.04 4.39 4.71 5.02 5.31 5.58 5.84 6.09 6.33 6.58 6.84 7.11 7.39 7.7 8.02 8.36 8.72 9.11 9.51 9.93 10.37 10.84 11.32 11.82 12.34 12.89 13.45 14.03 14.63 15.25 15.9 16.56 17.24 17.94 18.66 19.4 20.16 20.94 21.74 22.55 23.39 24.23 25.1 25.98 26.09 26.69 27.29 27.88 28.48 29.09 29.69 30.29 30.88 31.48 32.09 32.69 33.29 33.88 34.48 35.09 35.69 36.29 

1.49 1.54 1.6 1.67 1.74 1.8 1.88 1.95 2.03 2.1 2.18 2.26 2.33 2.41 2.48 2.55 2.62 2.68 2.74 2.79 2.84 2.89 2.93 2.97 3.0 3.03 3.05 3.07 3.08 3.09 3.1 3.11 3.11 3.11 3.11 3.11 3.12 3.12 3.12 3.12 3.12 3.12 3.12 3.12 3.12 3.12 3.12 3.12 3.12 3.12 3.12 3.12 3.12 3.12 3.12 3.12 3.12 3.12 3.12 3.12 3.12 3.5 3.5 3.5 3.5 3.5 3.5 3.5 3.5 3.5 3.5 

0 0 0 0 0 0 0 0 0 0 0 0 0 0 0 0 0 0 0 0 0 0 0 0 0 0 0 0 0 0 0 0 0 0 0 0 0 0 0 0 0 0 0 0 0 0 0 0 0 0 0 0 0 0 0 0 0 0 0 0 0 0 0 0 0 0 0 0 0 0 0
0 0 0 0 0 0 0 0 0 0 0 0 0 0 0 0 0 0 0 0 0 0 0 0 0 0 0 0 0 0 0 0 0 0 0 0 0 0 0 0 0 0 0 0 0 0 0 0 0 0 0 0 0 0 0 0 0 0 0 0 0 0 0 0 0 0 0 0 0 0
