0.000 0.000 2.000 7.000 0.000 1.000 0.000
0.100 0.702 2.000 7.013 0.001 -0.611 0.011
0.200 1.398 2.000 6.885 0.002 -1.921 0.028
0.300 2.075 2.001 6.637 0.006 -2.987 0.049
0.400 2.722 2.001 6.294 0.012 -3.838 0.074
0.500 3.331 2.003 5.876 0.021 -4.499 0.102
0.600 3.895 2.006 5.400 0.033 -5.000 0.131
0.700 4.410 2.010 4.880 0.047 -5.368 0.160
0.800 4.870 2.015 4.330 0.065 -5.630 0.188
0.900 5.275 2.023 3.757 0.085 -5.815 0.215
1.000 5.621 2.032 3.169 0.108 -5.950 0.239
1.100 5.908 2.044 2.566 0.133 -5.996 0.260
1.200 6.135 2.059 1.981 0.160 -5.645 0.278
1.300 6.306 2.076 1.449 0.188 -4.951 0.291
1.400 6.428 2.097 1.001 0.218 -3.963 0.300
1.500 6.510 2.120 0.664 0.248 -2.732 0.304
1.600 6.565 2.146 0.461 0.278 -1.306 0.303
1.700 6.607 2.176 0.408 0.308 0.263 0.298
1.800 6.652 2.208 0.517 0.338 1.926 0.287
1.900 6.716 2.243 0.795 0.366 3.633 0.271
2.000 6.817 2.281 1.243 0.392 5.334 0.250
2.100 6.969 2.322 1.814 0.415 6.056 0.223
2.200 7.181 2.364 2.446 0.436 6.536 0.193
2.300 7.459 2.409 3.115 0.454 6.806 0.161
2.400 7.805 2.455 3.801 0.468 6.882 0.126
2.500 8.219 2.502 4.485 0.479 6.786 0.089
2.600 8.701 2.551 5.153 0.486 6.536 0.051
2.700 9.249 2.599 5.788 0.489 6.152 0.010
2.800 9.858 2.648 6.379 0.488 5.654 -0.032
2.900 10.523 2.697 6.916 0.483 5.060 -0.076
3.000 11.239 2.745 7.389 0.473 4.389 -0.122
3.100 11.998 2.791 7.795 0.456 3.716 -0.213
3.200 12.795 2.836 8.134 0.430 3.072 -0.318
3.300 13.623 2.877 8.411 0.392 2.472 -0.435
3.400 14.476 2.914 8.630 0.343 1.909 -0.560
3.500 15.347 2.945 8.793 0.280 1.371 -0.693
3.600 16.232 2.969 8.904 0.204 0.850 -0.830
3.700 17.126 2.985 8.964 0.114 0.337 -0.971
3.800 18.022 2.993 8.914 0.053 -1.257 -0.295
3.900 18.905 2.997 8.729 0.046 -2.362 0.121
4.000 19.765 3.003 8.459 0.070 -2.956 0.328
4.100 20.595 3.012 8.155 0.106 -3.032 0.367
4.200 21.396 3.024 7.870 0.140 -2.583 0.281
4.300 22.172 3.039 7.656 0.160 -1.601 0.112
4.400 22.932 3.055 7.568 0.161 -0.081 -0.097
4.500 23.690 3.071 7.627 0.148 1.555 -0.149
4.600 24.458 3.085 7.815 0.131 2.374 -0.181
4.700 25.253 3.097 8.092 0.112 3.127 -0.196
4.800 26.079 3.107 8.434 0.093 3.691 -0.199
4.900 26.941 3.116 8.823 0.073 4.061 -0.189
5.000 27.845 3.122 9.240 0.055 4.234 -0.169
5.100 28.790 3.127 9.664 0.040 4.205 -0.142
5.200 29.777 3.130 10.074 0.027 3.972 -0.108
5.300 30.803 3.132 10.451 0.018 3.529 -0.071
5.400 31.865 3.134 10.773 0.013 2.872 -0.031
5.500 32.955 3.135 11.018 0.012 1.999 0.010
5.600 34.067 3.136 11.209 0.015 1.883 0.051
5.700 35.197 3.138 11.390 0.022 1.737 0.091
5.800 36.344 3.141 11.553 0.033 1.514 0.129
5.900 37.507 3.145 11.690 0.048 1.212 0.164
6.000 38.681 3.150 11.793 0.066 0.831 0.196
6.100 39.864 3.158 11.854 0.087 0.368 0.225
6.200 41.050 3.168 11.864 0.110 -0.176 0.250
6.300 42.235 3.180 11.816 0.136 -0.805 0.271
6.400 43.411 3.195 11.700 0.164 -1.518 0.288
6.500 44.572 3.213 11.509 0.194 -2.317 0.300
6.600 45.711 3.234 11.266 0.224 -2.524 0.309
6.700 46.825 3.258 11.006 0.255 -2.645 0.314
6.800 47.912 3.285 10.738 0.287 -2.707 0.317
6.900 48.972 3.315 10.466 0.319 -2.729 0.319
7.000 50.005 3.349 10.193 0.351 -2.732 0.319
