71 0.1
0 1.00 0
10 5
0 130.0489 0 130.0489 0 130.0489 0 130.0489 0 130.0489 0 130.0489 0 130.0489 0 130.0489 0 130.0489 0 130.0489
0 130.0489 0 130.0489 0 130.0489 0 130.0489 0 130.0489 0 130.0489 0 130.0489 0 130.0489 0 130.0489 0 130.0489
0 130.0489 0 130.0489 0 130.0489 0 130.0489 0 130.0489 0 130.0489 0 130.0489 0 130.0489 0 130.0489 0 130.0489
0 130.0489 0 130.0489 0 130.0489 0 130.0489 0 130.0489 0 130.0489 0 130.0489 0 130.0489 0 130.0489 0 130.0489
0 130.0489 0 130.0489 0 130.0489 0 130.0489 0 130.0489 0 130.0489 0 130.0489 0 130.0489 0 130.0489 0 130.0489
0 130.0489 0 130.0489 0 130.0489 0 130.0489 0 130.0489 0 130.0489 0 130.0489 0 130.0489 0 130.0489 0 130.0489
0 130.0489 0 130.0489 0 130.0489 0 130.0489 0 130.0489 0 130.0489 0 130.0489 0 130.0489 0 130.0489 0 130.0489 0 130.0489
0 1.2 0 1.2 0 1.2 0 1.2 0 1.2 0 1.2 0 1.2 0 1.2 0 1.2 0 1.2
0 1.2 0 1.2 0 1.2 0 1.2 0 1.2 0 1.2 0 1.2 0 1.2 0 1.2 0 1.2
0 1.2 0 1.2 0 1.2 0 1.2 0 1.2 0 1.2 0 1.2 0 1.2 0 1.2 0 1.2 
0 1.2 0 1.2 0 1.2 0 1.2 0 1.2 0 1.2 0 1.2 0 1.2 0 1.2 0 1.2 
0 1.2 0 1.2 0 1.2 0 1.2 0 1.2 0 1.2 0 1.2 0 1.2 0 1.2 0 1.2 
0 1.2 0 1.2 0 1.2 0 1.2 0 1.2 0 1.2 0 1.2 0 1.2 0 1.2 0 1.2 
0 1.2 0 1.2 0 1.2 0 1.2 0 1.2 0 1.2 0 1.2 0 1.2 0 1.2 0 1.2 0 1.2 
0 0.12 0.24 0.36 0.48 0.6 0.72 0.84 0.96 1.08
1.2 1.29 1.38 1.47 1.56 1.65 1.74 1.83 1.92 2.01
2.1 2.13 2.16 2.19 2.22 2.25 2.28 2.31 2.34 2.37 
2.4 2.43 2.46 2.49 2.52 2.55 2.58 2.61 2.64 2.67 
2.7 2.82 2.94 3.06 3.18 3.30 3.42 3.54 3.66 3.78
3.9 4.02 4.14 4.26 4.38 4.50 4.62 4.74 4.86 4.98 
5.1 5.22 5.34 5.46 5.58 5.70 5.82 5.94 6.06 6.18 6.30 
0 0 0 0 0 0 0 0 0 0 0 0 0 0 0 0 0 0 0 0 0 0 0 0 0 0 0 0 0 0 0 0 0 0 0 0 0 0 0 0 0 0 0 0 0 0 0 0 0 0 0 0 0 0 0 0 0 0 0 0 0 0 0 0 0 0 0 0 0 0 0 


INFO:

num_of_knots = 71
delta_t = 0.1
init_s[] = {0, 1.00, 0}
acc_weight = 10
jerk_speed = 5

val[0] = 0, val[1] = 13.0489 ---> x_bounds[] = {0, 130.489}*20 + {0, 3.*}*15

val[0] = 0, val[1] = 1.2 ---> dx_bounds[] = {0, 1.2}*10
