71 0.1
0 1.00 0
10 5
0 13.0489 0 13.0489 0 13.0489 0 13.0489 0 13.0489 0 13.0489 0 13.0489 0 13.0489 0 13.0489 0 13.0489
0 13.0489 0 13.0489 0 13.0489 0 13.0489 0 13.0489 0 13.0489 0 13.0489 0 13.0489 0 13.0489 0 13.0489
0  3.4000 0  3.4300 0  3.4600 0  3.4900 0  3.5200 0  3.5500 0  3.5800 0  3.6100 0  3.6400 0  3.6700
0  3.7000 0  3.7300 0  3.7600 0  3.7900 0  3.8200 0  3.8500 0  3.8800 0  3.9100 0  3.9400 0  3.9700
2.5 4.0000 2.6 4.0300 2.7 4.0600 2.8 4.0900 2.9 4.1200 3.0 4.1500 3.1 4.1800 3.2 4.2100 3.3 4.2400 3.4 4.2700
3.5 13.0489 3.6 13.0489 3.7 13.0489 3.8 13.0489 3.9 13.0489 4.0 13.0489 4.1 13.0489 4.2 13.0489 4.3 13.0489 4.4 13.0489
0 13.0489 0 13.0489 0 13.0489 0 13.0489 0 13.0489 0 13.0489 0 13.0489 0 13.0489 0 13.0489 0 13.0489 0 13.0489
0 1.2 0 1.2 0 1.2 0 1.2 0 1.2 0 1.2 0 1.2 0 1.2 0 1.2 0 1.2
0 1.2 0 1.2 0 1.2 0 1.2 0 1.2 0 1.2 0 1.2 0 1.2 0 1.2 0 1.2
0 1.2 0 1.2 0 1.2 0 1.2 0 1.2 0 1.2 0 1.2 0 1.2 0 1.2 0 1.2 
0 1.2 0 1.2 0 1.2 0 1.2 0 1.2 0 1.2 0 1.2 0 1.2 0 1.2 0 1.2 
0 1.2 0 1.2 0 1.2 0 1.2 0 1.2 0 1.2 0 1.2 0 1.2 0 1.2 0 1.2 
0 1.2 0 1.2 0 1.2 0 1.2 0 1.2 0 1.2 0 1.2 0 1.2 0 1.2 0 1.2 
0 1.2 0 1.2 0 1.2 0 1.2 0 1.2 0 1.2 0 1.2 0 1.2 0 1.2 0 1.2 0 1.2 
0 0.12 0.24 0.36 0.48 0.6 0.72 0.84 0.96 1.08
1.2 1.29 1.38 1.47 1.56 1.65 1.74 1.83 1.92 2.01
2.1 2.13 2.16 2.19 2.22 2.25 2.28 2.31 2.34 2.37 
2.4 2.43 2.46 2.49 2.52 2.55 2.58 2.61 2.64 2.67 
2.7 2.82 2.94 3.06 3.18 3.30 3.42 3.54 3.66 3.78
3.9 4.02 4.14 4.26 4.38 4.50 4.62 4.74 4.86 4.98 
5.1 5.22 5.34 5.46 5.58 5.70 5.82 5.94 6.06 6.18 6.30 
0 0 0 0 0 0 0 0 0 0 0 0 0 0 0 0 0 0 0 0 0 0 0 0 0 0 0 0 0 0 0 0 0 0 0 0 0 0 0 0 0 0 0 0 0 0 0 0 0 0 0 0 0 0 0 0 0 0 0 0 0 0 0 0 0 0 0 0 0 0 0 
