71 0.1
0 1.14076 0.09
0.0 0.0
0 13.0489 0 13.0489 0 13.0489 0 13.0489 0 13.0489 0 13.0489 0 13.0489 0 13.0489 0 13.0489 0 13.0489 0 13.0489 0 13.0489 0 13.0489 0 13.0489 0 13.0489 0 13.0489 0 13.0489 0 13.0489 0 13.0489 0 13.0489 0 13.0489 0 13.0489 0 13.0489 0 13.0489 0 13.0489 0 13.0489 0 13.0489 0 13.0489 0 13.0489 0 13.0489 0 13.0489 0 13.0489 0 13.0489 0 13.0489 0 13.0489 0 13.0489 0 13.0489 0 13.0489 0 13.0489 0 13.0489 0 13.0489 0 13.0489 0 13.0489 0 13.0489 0 13.0489 0 13.0489 0 13.0489 0 13.0489 0 13.0489 0 13.0489 0 13.0489 0 13.0489 0 13.0489 0 13.0489 0 13.0489 0 13.0489 0 13.0489 0 13.0489 0 13.0489 0 13.0489 0 13.0489 0 13.0489 0 13.0489 0 13.0489 0 13.0489 0 13.0489 0 13.0489 0 13.0489 0 13.0489 0 13.0489 0 13.0489 
0 1.2 0 1.2 0 1.2 0 1.2 0 1.2 0 1.2 0 1.2 0 1.2 0 1.2 0 1.2 0 1.2 0 1.2 0 1.2 0 1.2 0 1.2 0 1.2 0 1.2 0 1.2 0 1.2 0 1.2 0 1.2 0 1.2 0 1.2 0 1.2 0 1.2 0 1.2 0 1.2 0 1.2 0 1.2 0 1.2 0 1.2 0 1.2 0 1.2 0 1.2 0 1.2 0 1.2 0 1.2 0 1.2 0 1.2 0 1.2 0 1.2 0 1.2 0 1.2 0 1.2 0 1.2 0 1.2 0 1.2 0 1.2 0 1.2 0 1.2 0 1.2 0 1.2 0 1.2 0 1.2 0 1.2 0 1.2 0 1.2 0 1.2 0 1.2 0 1.2 0 1.2 0 1.2 0 1.2 0 1.2 0 1.2 0 1.2 0 1.2 0 1.2 0 1.2 0 1.2 0 1.2 
0 0.12 0.24 0.36 0.48 0.6 0.72 0.84 0.96 1.08
1.2 1.29 1.38 1.47 1.56 1.65 1.74 1.83 1.92 2.01 
2.1 2.13 2.16 2.19 2.22 2.25 2.28 2.31 2.34 2.37
2.4 2.43 2.46 2.49 2.52 2.55 2.58 2.61 2.64 2.67 2.7 2.73 2.76 2.79 2.82 2.85 2.88 2.91 2.94 2.97 3 3.03 3.06 3.09 3.12 3.15 3.18 3.21 3.24 3.27 
3.3 3.33 3.36 3.39 3.42 3.45 3.48 3.51 3.54 3.57 3.6 
0 0 0 0 0 0 0 0 0 0 0 0 0 0 0 0 0 0 0 0 0 0 0 0 0 0 0 0 0 0 0 0 0 0 0 0 0 0 0 0 0 0 0 0 0 0 0 0 0 0 0 0 0 0 0 0 0 0 0 0 0 0 0 0 0 0 0 0 0 0 0 
25 1 0
sucess:1 cost:1.10043
