0.000 0.000 1.200 14.000 0.000 2.000 0.000
0.100 1.406 1.201 14.076 0.026 -0.382 0.486
0.200 2.808 1.207 13.937 0.091 -2.326 0.779
0.300 4.187 1.220 13.624 0.177 -3.879 0.912
0.400 5.528 1.242 13.173 0.269 -5.078 0.915
0.500 6.819 1.274 12.619 0.357 -5.964 0.821
0.600 8.049 1.313 11.990 0.431 -6.576 0.661
0.700 9.215 1.359 11.311 0.488 -6.954 0.468
0.800 10.311 1.410 10.605 0.525 -7.137 0.272
0.900 11.336 1.464 9.889 0.543 -7.165 0.106
1.000 12.289 1.518 9.176 0.548 -7.078 0.000
1.100 13.171 1.573 8.476 0.547 -6.910 -0.013
1.200 13.985 1.628 7.793 0.546 -6.758 -0.017
1.300 14.730 1.682 7.124 0.544 -6.621 -0.015
1.400 15.410 1.736 6.469 0.543 -6.493 -0.009
1.500 16.024 1.791 5.825 0.542 -6.371 -0.000
1.600 16.575 1.845 5.194 0.543 -6.253 0.008
1.700 17.064 1.899 4.575 0.544 -6.135 0.015
1.800 17.491 1.954 3.967 0.545 -6.014 0.017
1.900 17.858 2.008 3.372 0.547 -5.885 0.013
2.000 18.166 2.063 2.791 0.548 -5.747 0.000
2.100 18.416 2.118 2.227 0.547 -5.469 -0.013
2.200 18.612 2.172 1.704 0.545 -4.977 -0.018
2.300 18.759 2.227 1.237 0.544 -4.328 -0.016
2.400 18.862 2.281 0.841 0.542 -3.578 -0.011
2.500 18.930 2.335 0.523 0.541 -2.787 -0.005
2.600 18.969 2.389 0.283 0.541 -2.011 -0.000
2.700 18.989 2.443 0.118 0.541 -1.309 0.002
2.800 18.995 2.498 0.017 0.541 -0.737 -0.003
2.900 18.994 2.552 -0.035 0.540 -0.354 -0.015
3.000 18.989 2.606 -0.062 0.538 -0.217 -0.039
3.100 18.983 2.659 -0.055 0.532 0.323 -0.066
3.200 18.979 2.712 -0.001 0.525 0.746 -0.091
3.300 18.984 2.764 0.091 0.514 1.080 -0.111
3.400 18.999 2.815 0.213 0.503 1.352 -0.124
3.500 19.027 2.864 0.360 0.490 1.589 -0.128
3.600 19.071 2.913 0.531 0.478 1.819 -0.120
3.700 19.134 2.960 0.725 0.466 2.070 -0.099
3.800 19.217 3.006 0.936 0.451 2.163 -0.205
3.900 19.322 3.050 1.157 0.426 2.257 -0.285
4.000 19.449 3.091 1.388 0.395 2.356 -0.340
4.100 19.599 3.129 1.629 0.359 2.467 -0.375
4.200 19.775 3.163 1.882 0.320 2.595 -0.392
4.300 19.976 3.193 2.149 0.281 2.746 -0.395
4.400 20.205 3.219 2.432 0.242 2.925 -0.386
4.500 20.463 3.241 2.729 0.204 3.004 -0.368
4.600 20.751 3.260 3.029 0.168 3.010 -0.342
4.700 21.069 3.275 3.331 0.136 3.015 -0.311
4.800 21.417 3.287 3.632 0.106 3.018 -0.276
4.900 21.796 3.296 3.934 0.080 3.021 -0.239
5.000 22.204 3.303 4.236 0.059 3.022 -0.199
5.100 22.643 3.308 4.539 0.041 3.023 -0.160
5.200 23.112 3.311 4.841 0.026 3.023 -0.122
5.300 23.611 3.313 5.143 0.016 3.023 -0.086
5.400 24.141 3.315 5.446 0.009 3.023 -0.055
5.500 24.700 3.315 5.748 0.005 3.023 -0.028
5.600 25.290 3.316 6.050 0.003 3.017 -0.019
5.700 25.910 3.316 6.351 0.001 3.004 -0.012
5.800 26.560 3.316 6.650 0.000 2.983 -0.006
5.900 27.240 3.316 6.947 -0.000 2.954 -0.003
6.000 27.950 3.316 7.241 -0.000 2.916 -0.001
6.100 28.688 3.316 7.530 -0.000 2.870 0.000
6.200 29.455 3.316 7.815 -0.000 2.815 0.001
6.300 30.251 3.316 8.093 -0.000 2.750 0.000
6.400 31.074 3.316 8.364 -0.000 2.675 0.000
6.500 31.923 3.316 8.628 -0.000 2.590 0.000
6.600 32.799 3.316 8.883 -0.000 2.513 0.000
6.700 33.700 3.316 9.130 -0.000 2.437 0.000
6.800 34.625 3.316 9.370 -0.000 2.365 0.000
6.900 35.574 3.316 9.603 -0.000 2.298 0.000
7.000 36.545 3.316 9.830 -0.000 2.238 0.000
7.100 37.539 3.316 10.051 -0.000 2.188 0.000
7.200 38.555 3.316 10.268 -0.000 2.150 -0.000
7.300 39.593 3.316 10.482 -0.000 2.126 -0.000
7.400 40.652 3.316 10.694 -0.000 2.117 -0.001
