0.000 0.000 1.200 15.000 0.000 2.000 0.000
0.100 1.505 1.200 15.061 0.004 -0.659 0.082
0.200 3.004 1.201 14.883 0.016 -2.835 0.155
0.300 4.475 1.204 14.509 0.035 -4.573 0.219
0.400 5.901 1.208 13.981 0.060 -5.913 0.274
0.500 7.268 1.216 13.338 0.089 -6.894 0.320
0.600 8.566 1.226 12.613 0.123 -7.555 0.359
0.700 9.789 1.241 11.837 0.161 -7.937 0.391
0.800 10.932 1.259 11.034 0.201 -8.077 0.416
0.900 11.995 1.281 10.228 0.244 -8.015 0.435
1.000 12.978 1.307 9.436 0.288 -7.791 0.448
1.100 13.883 1.339 8.673 0.333 -7.459 0.455
1.200 14.714 1.374 7.943 0.379 -7.158 0.457
1.300 15.473 1.414 7.241 0.425 -6.881 0.453
1.400 16.163 1.459 6.566 0.470 -6.622 0.444
1.500 16.787 1.508 5.916 0.513 -6.373 0.430
1.600 17.347 1.562 5.291 0.555 -6.127 0.411
1.700 17.846 1.619 4.691 0.595 -5.878 0.388
1.800 18.286 1.681 4.116 0.633 -5.619 0.359
1.900 18.670 1.746 3.568 0.667 -5.342 0.327
2.000 19.001 1.814 3.048 0.698 -5.042 0.290
2.100 19.282 1.885 2.583 0.725 -4.267 0.248
2.200 19.520 1.959 2.193 0.747 -3.555 0.202
2.300 19.722 2.035 1.870 0.765 -2.902 0.153
2.400 19.896 2.112 1.611 0.778 -2.302 0.101
2.500 20.047 2.190 1.408 0.785 -1.752 0.046
2.600 20.179 2.269 1.259 0.787 -1.249 -0.011
2.700 20.300 2.347 1.157 0.783 -0.788 -0.069
2.800 20.412 2.425 1.100 0.773 -0.366 -0.129
2.900 20.521 2.502 1.083 0.757 0.022 -0.189
3.000 20.630 2.576 1.103 0.735 0.379 -0.250
3.100 20.743 2.649 1.158 0.708 0.705 -0.308
3.200 20.863 2.718 1.243 0.674 1.003 -0.363
3.300 20.992 2.783 1.357 0.635 1.276 -0.413
3.400 21.135 2.845 1.498 0.592 1.525 -0.457
3.500 21.293 2.901 1.662 0.544 1.750 -0.492
3.600 21.468 2.953 1.847 0.493 1.955 -0.517
3.700 21.663 3.000 2.052 0.441 2.140 -0.529
3.800 21.879 3.041 2.274 0.388 2.305 -0.526
3.900 22.118 3.078 2.512 0.336 2.451 -0.510
4.000 22.382 3.109 2.764 0.287 2.580 -0.484
4.100 22.671 3.135 3.028 0.240 2.690 -0.450
4.200 22.988 3.157 3.301 0.197 2.782 -0.410
4.300 23.332 3.175 3.583 0.158 2.855 -0.366
4.400 23.705 3.189 3.872 0.124 2.910 -0.320
4.500 24.106 3.199 4.165 0.094 2.945 -0.273
4.600 24.538 3.208 4.460 0.069 2.955 -0.224
4.700 24.998 3.214 4.755 0.049 2.954 -0.179
4.800 25.489 3.218 5.050 0.033 2.941 -0.139
4.900 26.008 3.220 5.343 0.021 2.918 -0.104
5.000 26.557 3.222 5.634 0.012 2.886 -0.073
5.100 27.135 3.223 5.920 0.006 2.844 -0.047
5.200 27.741 3.223 6.202 0.003 2.794 -0.027
5.300 28.375 3.223 6.479 0.001 2.737 -0.012
5.400 29.037 3.223 6.749 0.000 2.673 -0.003
5.500 29.725 3.223 7.013 -0.000 2.603 -0.000
5.600 30.439 3.223 7.270 -0.000 2.531 -0.000
5.700 31.179 3.223 7.519 -0.000 2.457 -0.000
5.800 31.943 3.223 7.761 -0.000 2.380 0.000
5.900 32.731 3.223 7.995 -0.000 2.303 0.000
6.000 33.542 3.223 8.222 -0.000 2.224 0.000
6.100 34.375 3.223 8.440 -0.000 2.146 0.000
6.200 35.229 3.223 8.651 -0.000 2.068 0.000
6.300 36.105 3.223 8.854 -0.000 1.991 0.000
6.400 37.000 3.223 9.049 -0.000 1.916 0.000
6.500 37.914 3.223 9.237 -0.000 1.844 0.000
6.600 38.847 3.223 9.418 -0.000 1.776 0.000
6.700 39.798 3.223 9.593 -0.000 1.712 0.000
6.800 40.765 3.223 9.761 -0.000 1.654 0.000
6.900 41.750 3.223 9.923 -0.000 1.601 0.000
7.000 42.750 3.223 10.081 -0.000 1.556 0.000
7.100 43.766 3.223 10.235 -0.000 1.519 -0.000
7.200 44.797 3.223 10.385 -0.000 1.491 -0.000
7.300 45.843 3.223 10.534 -0.000 1.474 -0.000
7.400 46.903 3.223 10.681 -0.000 1.468 -0.000
