0.000 0.000 10.000 0.000
0.100 1.000 9.989 -0.218
0.200 1.997 9.958 -0.401
0.300 2.991 9.910 -0.552
0.400 3.979 9.848 -0.674
0.500 4.960 9.776 -0.771
0.600 5.933 9.695 -0.846
0.700 6.899 9.607 -0.901
0.800 7.855 9.515 -0.940
0.900 8.802 9.420 -0.966
1.000 9.739 9.322 -0.982
1.100 10.666 9.224 -0.986
1.200 11.583 9.125 -0.981
1.300 12.491 9.028 -0.968
1.400 13.389 8.932 -0.948
1.500 14.278 8.839 -0.922
1.600 15.157 8.748 -0.890
1.700 16.027 8.661 -0.854
1.800 16.889 8.577 -0.814
1.900 17.743 8.498 -0.771
2.000 18.589 8.423 -0.726
2.100 19.428 8.353 -0.677
2.200 20.260 8.288 -0.627
2.300 21.085 8.227 -0.575
2.400 21.905 8.173 -0.521
2.500 22.720 8.123 -0.467
2.600 23.530 8.079 -0.411
2.700 24.336 8.041 -0.355
2.800 25.138 8.008 -0.298
2.900 25.938 7.981 -0.240
3.000 26.735 7.960 -0.183
3.100 27.530 7.945 -0.126
3.200 28.324 7.935 -0.069
3.300 29.117 7.931 -0.012
3.400 29.910 7.933 0.044
3.500 30.704 7.940 0.099
3.600 31.499 7.953 0.154
3.700 32.295 7.971 0.207
3.800 33.093 7.994 0.259
3.900 33.894 8.022 0.309
4.000 34.698 8.056 0.358
4.100 35.505 8.094 0.404
4.200 36.316 8.136 0.448
4.300 37.132 8.183 0.490
4.400 37.953 8.234 0.529
4.500 38.779 8.289 0.564
4.600 39.611 8.347 0.595
4.700 40.449 8.408 0.622
4.800 41.293 8.471 0.644
4.900 42.143 8.536 0.660
5.000 43.000 8.603 0.670
5.100 43.864 8.670 0.673
5.200 44.734 8.737 0.669
5.300 45.611 8.804 0.661
5.400 46.495 8.869 0.647
5.500 47.385 8.933 0.630
5.600 48.281 8.995 0.610
5.700 49.184 9.055 0.587
5.800 50.092 9.112 0.562
5.900 51.006 9.167 0.536
6.000 51.926 9.220 0.510
6.100 52.850 9.269 0.483
6.200 53.779 9.316 0.457
6.300 54.713 9.361 0.431
6.400 55.651 9.403 0.406
6.500 56.594 9.442 0.384
6.600 57.540 9.479 0.363
6.700 58.489 9.515 0.347
6.800 59.443 9.549 0.334
6.900 60.399 9.582 0.325
7.000 61.359 9.614 0.322
