0.000 0.000 1.200 7.000 0.000 0.000 0.000
0.100 0.699 1.200 6.975 0.003 -0.480 0.062
0.200 1.394 1.201 6.906 0.012 -0.897 0.119
0.300 2.079 1.203 6.798 0.027 -1.252 0.169
0.400 2.752 1.206 6.658 0.046 -1.550 0.213
0.500 3.410 1.212 6.490 0.069 -1.792 0.252
0.600 4.049 1.220 6.301 0.096 -1.983 0.286
0.700 4.669 1.231 6.095 0.126 -2.124 0.314
0.800 5.268 1.246 5.878 0.159 -2.219 0.338
0.900 5.845 1.263 5.653 0.194 -2.271 0.357
1.000 6.399 1.284 5.425 0.230 -2.283 0.372
1.100 6.930 1.309 5.197 0.268 -2.257 0.382
1.200 7.438 1.338 4.975 0.306 -2.196 0.388
1.300 7.925 1.371 4.759 0.345 -2.104 0.391
1.400 8.390 1.407 4.555 0.384 -1.984 0.390
1.500 8.836 1.447 4.363 0.423 -1.837 0.386
1.600 9.264 1.492 4.188 0.461 -1.668 0.378
1.700 9.674 1.540 4.030 0.499 -1.479 0.368
1.800 10.070 1.591 3.893 0.535 -1.273 0.355
1.900 10.454 1.647 3.776 0.570 -1.053 0.340
2.000 10.826 1.705 3.683 0.603 -0.822 0.322
2.100 11.191 1.767 3.612 0.634 -0.582 0.303
2.200 11.550 1.832 3.566 0.663 -0.338 0.281
2.300 11.905 1.900 3.545 0.690 -0.091 0.258
2.400 12.259 1.970 3.548 0.715 0.156 0.234
2.500 12.615 2.043 3.576 0.737 0.398 0.209
2.600 12.975 2.117 3.628 0.757 0.635 0.183
2.700 13.342 2.194 3.702 0.774 0.862 0.156
2.800 13.717 2.272 3.800 0.788 1.076 0.128
2.900 14.102 2.351 3.917 0.799 1.276 0.101
3.000 14.501 2.432 4.054 0.808 1.457 0.073
3.100 14.914 2.513 4.208 0.814 1.626 0.046
3.200 15.343 2.594 4.378 0.817 1.758 0.019
3.300 15.790 2.676 4.559 0.818 1.856 -0.007
3.400 16.255 2.758 4.748 0.816 1.927 -0.033
3.500 16.740 2.839 4.943 0.811 1.973 -0.057
3.600 17.244 2.920 5.142 0.804 2.001 -0.080
3.700 17.768 3.000 5.343 0.795 2.013 -0.102
3.800 18.312 3.079 5.544 0.784 2.009 -0.121
3.900 18.877 3.157 5.745 0.771 2.006 -0.139
4.000 19.461 3.233 5.945 0.756 2.004 -0.156
4.100 20.066 3.308 6.146 0.740 2.004 -0.171
4.200 20.691 3.381 6.346 0.722 2.006 -0.184
4.300 21.335 3.452 6.547 0.703 2.009 -0.196
4.400 22.000 3.522 6.748 0.683 2.014 -0.207
4.500 22.685 3.589 6.949 0.662 2.009 -0.216
4.600 23.390 3.654 7.150 0.640 2.005 -0.224
4.700 24.115 3.717 7.350 0.617 2.003 -0.231
4.800 24.860 3.777 7.551 0.594 2.001 -0.237
4.900 25.625 3.836 7.751 0.570 2.001 -0.241
5.000 26.410 3.891 7.951 0.545 2.002 -0.245
5.100 27.215 3.945 8.151 0.521 2.004 -0.248
5.200 28.040 3.995 8.352 0.496 2.007 -0.250
5.300 28.886 4.044 8.553 0.471 2.012 -0.251
5.400 29.751 4.090 8.754 0.446 2.019 -0.252
5.500 30.636 4.133 8.956 0.420 2.012 -0.252
5.600 31.542 4.174 9.157 0.395 2.007 -0.251
5.700 32.468 4.212 9.357 0.370 2.003 -0.250
5.800 33.413 4.248 9.557 0.345 2.000 -0.248
5.900 34.379 4.281 9.757 0.321 1.998 -0.246
6.000 35.365 4.312 9.957 0.296 1.998 -0.244
6.100 36.370 4.340 10.157 0.272 1.999 -0.242
6.200 37.396 4.366 10.357 0.248 2.000 -0.239
6.300 38.442 4.390 10.557 0.224 2.002 -0.236
6.400 39.507 4.411 10.757 0.200 2.005 -0.233
6.500 40.593 4.430 10.958 0.177 2.004 -0.230
6.600 41.699 4.446 11.158 0.154 2.003 -0.228
6.700 42.825 4.461 11.358 0.132 2.003 -0.225
6.800 43.971 4.473 11.558 0.109 2.002 -0.223
6.900 45.136 4.483 11.759 0.087 2.002 -0.221
7.000 46.322 4.490 11.959 0.065 2.001 -0.219
7.100 47.528 4.496 12.159 0.043 2.000 -0.218
7.200 48.754 4.499 12.359 0.022 2.000 -0.217
7.300 50.000 4.500 12.559 -0.000 1.999 -0.216
