0.000 0.000 1.200 4.000 0.000 0.500 0.000
0.100 0.402 1.201 4.045 0.026 0.411 0.485
0.200 0.809 1.207 4.083 0.091 0.335 0.777
0.300 1.219 1.220 4.113 0.176 0.272 0.909
0.400 1.631 1.242 4.137 0.268 0.222 0.912
0.500 2.046 1.273 4.158 0.356 0.182 0.818
0.600 2.463 1.313 4.174 0.430 0.152 0.659
0.700 2.881 1.359 4.188 0.486 0.131 0.465
0.800 3.300 1.409 4.201 0.523 0.119 0.270
0.900 3.721 1.463 4.212 0.541 0.114 0.104
1.000 4.143 1.517 4.224 0.546 0.115 0.000
1.100 4.566 1.572 4.236 0.545 0.124 -0.012
1.200 4.990 1.626 4.249 0.544 0.138 -0.016
1.300 5.415 1.680 4.263 0.542 0.157 -0.014
1.400 5.843 1.735 4.280 0.541 0.181 -0.007
1.500 6.271 1.789 4.300 0.541 0.210 0.001
1.600 6.703 1.843 4.322 0.541 0.242 0.010
1.700 7.136 1.897 4.348 0.542 0.279 0.016
1.800 7.572 1.951 4.378 0.544 0.319 0.017
1.900 8.012 2.006 4.412 0.546 0.362 0.012
2.000 8.455 2.060 4.451 0.546 0.407 -0.002
2.100 8.902 2.115 4.494 0.545 0.456 -0.016
2.200 9.354 2.169 4.542 0.543 0.506 -0.024
2.300 9.811 2.224 4.595 0.541 0.559 -0.027
2.400 10.273 2.278 4.654 0.538 0.613 -0.025
2.500 10.741 2.331 4.718 0.536 0.669 -0.021
2.600 11.217 2.385 4.787 0.534 0.726 -0.016
2.700 11.699 2.438 4.863 0.533 0.785 -0.011
2.800 12.189 2.491 4.944 0.532 0.844 -0.006
2.900 12.688 2.544 5.032 0.531 0.904 -0.004
3.000 13.196 2.598 5.125 0.531 0.963 -0.006
3.100 13.713 2.651 5.224 0.530 1.023 -0.012
3.200 14.241 2.703 5.330 0.529 1.083 -0.009
3.300 14.780 2.756 5.441 0.528 1.141 -0.014
3.400 15.330 2.809 5.558 0.525 1.198 -0.045
3.500 15.891 2.861 5.681 0.517 1.254 -0.120
3.600 16.466 2.912 5.809 0.499 1.308 -0.255
3.700 17.053 2.960 5.942 0.464 1.359 -0.467
3.800 17.654 3.004 6.080 0.410 1.406 -0.601
3.900 18.270 3.042 6.223 0.346 1.450 -0.657
4.000 18.899 3.073 6.370 0.280 1.489 -0.649
4.100 19.544 3.098 6.521 0.218 1.523 -0.593
4.200 20.203 3.117 6.675 0.163 1.551 -0.504
4.300 20.879 3.131 6.831 0.118 1.571 -0.398
4.400 21.570 3.141 6.989 0.083 1.583 -0.290
4.500 22.276 3.148 7.147 0.059 1.585 -0.196
4.600 22.999 3.153 7.305 0.042 1.578 -0.147
4.700 23.737 3.156 7.462 0.029 1.563 -0.108
4.800 24.491 3.159 7.618 0.020 1.540 -0.078
4.900 25.261 3.160 7.770 0.013 1.511 -0.055
5.000 26.045 3.162 7.920 0.008 1.477 -0.038
5.100 26.845 3.162 8.065 0.005 1.437 -0.027
5.200 27.658 3.163 8.207 0.003 1.394 -0.019
5.300 28.486 3.163 8.344 0.001 1.347 -0.014
5.400 29.327 3.163 8.476 0.000 1.297 -0.011
5.500 30.181 3.163 8.603 -0.001 1.245 -0.008
5.600 31.047 3.163 8.725 -0.001 1.191 -0.005
5.700 31.926 3.163 8.841 -0.002 1.135 -0.003
5.800 32.816 3.162 8.952 -0.002 1.078 -0.001
5.900 33.716 3.162 9.057 -0.002 1.020 0.000
6.000 34.627 3.162 9.156 -0.002 0.961 0.001
6.100 35.547 3.162 9.249 -0.002 0.903 0.002
6.200 36.476 3.162 9.336 -0.002 0.844 0.002
6.300 37.414 3.161 9.418 -0.001 0.786 0.002
6.400 38.360 3.161 9.494 -0.001 0.729 0.002
6.500 39.313 3.161 9.564 -0.001 0.674 0.002
6.600 40.272 3.161 9.629 -0.001 0.621 0.002
6.700 41.238 3.161 9.688 -0.001 0.571 0.002
6.800 42.210 3.161 9.743 -0.001 0.525 0.001
6.900 43.187 3.161 9.793 -0.000 0.483 0.001
7.000 44.168 3.161 9.840 -0.000 0.447 0.000
7.100 45.154 3.161 9.883 -0.000 0.417 0.000
7.200 46.145 3.161 9.923 -0.000 0.395 -0.000
7.300 47.139 3.161 9.962 -0.000 0.381 -0.000
7.400 48.137 3.161 10.000 -0.000 0.375 -0.000
