0.000 0.000 1.200 9.000 2.000 0.000 0.000
0.100 0.899 1.399 8.958 1.978 -0.809 -0.432
0.200 1.789 1.594 8.843 1.916 -1.458 -0.786
0.300 2.665 1.781 8.671 1.823 -1.963 -1.068
0.400 3.522 1.958 8.455 1.705 -2.342 -1.283
0.500 4.355 2.122 8.206 1.568 -2.615 -1.436
0.600 5.163 2.271 7.935 1.419 -2.797 -1.534
0.700 5.942 2.405 7.649 1.263 -2.908 -1.580
0.800 6.692 2.524 7.355 1.105 -2.966 -1.582
0.900 7.413 2.626 7.057 0.948 -2.988 -1.544
1.000 8.104 2.714 6.758 0.797 -2.991 -1.472
1.100 8.764 2.786 6.459 0.655 -2.993 -1.371
1.200 9.395 2.845 6.160 0.524 -2.994 -1.246
1.300 9.996 2.891 5.860 0.406 -2.995 -1.104
1.400 10.567 2.927 5.561 0.303 -2.996 -0.949
1.500 11.109 2.953 5.261 0.217 -2.997 -0.788
1.600 11.620 2.971 4.961 0.146 -2.999 -0.624
1.700 12.101 2.982 4.661 0.092 -3.000 -0.465
1.800 12.552 2.989 4.361 0.053 -3.002 -0.315
1.900 12.973 2.993 4.061 0.028 -3.005 -0.180
2.000 13.364 2.996 3.760 0.016 -3.007 -0.065
2.100 13.726 2.997 3.474 0.011 -2.710 -0.047
2.200 14.060 2.998 3.221 0.007 -2.343 -0.033
2.300 14.371 2.998 3.007 0.004 -1.923 -0.022
2.400 14.663 2.998 2.837 0.002 -1.464 -0.014
2.500 14.940 2.999 2.715 0.001 -0.982 -0.008
2.600 15.207 2.999 2.641 0.000 -0.490 -0.004
2.700 15.470 2.999 2.617 0.000 -0.006 -0.002
2.800 15.732 2.999 2.639 0.000 0.456 -0.001
2.900 15.999 2.999 2.707 0.000 0.882 -0.000
3.000 16.275 2.999 2.814 0.000 1.255 0.000
3.100 16.563 2.999 2.954 0.000 1.525 0.000
3.200 16.867 2.999 3.116 0.000 1.718 0.001
3.300 17.187 2.999 3.295 0.000 1.848 0.004
3.400 17.526 2.999 3.484 0.001 1.928 0.010
3.500 17.884 2.999 3.679 0.002 1.969 0.019
3.600 18.262 2.999 3.877 0.005 1.985 0.033
3.700 18.660 3.000 4.076 0.009 1.989 0.052
3.800 19.077 3.001 4.275 0.015 1.989 0.075
3.900 19.515 3.003 4.474 0.024 1.989 0.098
4.000 19.972 3.006 4.673 0.035 1.988 0.119
4.100 20.449 3.010 4.871 0.048 1.988 0.138
4.200 20.946 3.016 5.070 0.063 1.988 0.157
4.300 21.463 3.023 5.269 0.079 1.987 0.174
4.400 22.000 3.032 5.468 0.097 1.987 0.191
4.500 22.557 3.042 5.666 0.117 1.986 0.206
4.600 23.133 3.055 5.865 0.139 1.986 0.220
4.700 23.730 3.070 6.064 0.161 1.985 0.233
4.800 24.346 3.087 6.262 0.185 1.985 0.245
4.900 24.982 3.107 6.461 0.210 1.986 0.257
5.000 25.638 3.129 6.659 0.236 1.986 0.267
5.100 26.314 3.154 6.858 0.264 1.987 0.276
5.200 27.010 3.182 7.057 0.292 1.988 0.285
5.300 27.725 3.213 7.255 0.321 1.989 0.293
5.400 28.461 3.246 7.454 0.350 1.990 0.300
5.500 29.216 3.283 7.653 0.381 1.991 0.307
5.600 29.991 3.322 7.853 0.412 1.992 0.312
5.700 30.787 3.365 8.052 0.443 1.992 0.317
5.800 31.602 3.411 8.251 0.475 1.993 0.322
5.900 32.437 3.460 8.450 0.507 1.993 0.326
6.000 33.292 3.513 8.650 0.540 1.994 0.329
6.100 34.167 3.568 8.849 0.573 1.995 0.332
6.200 35.062 3.627 9.049 0.607 1.996 0.335
6.300 35.977 3.690 9.248 0.640 1.996 0.337
6.400 36.911 3.755 9.448 0.674 1.997 0.338
6.500 37.866 3.824 9.648 0.708 1.998 0.340
6.600 38.841 3.897 9.848 0.742 1.998 0.341
6.700 39.836 3.973 10.047 0.776 1.999 0.342
6.800 40.850 4.052 10.247 0.810 1.999 0.342
6.900 41.885 4.135 10.447 0.844 1.999 0.343
7.000 42.940 4.221 10.647 0.879 2.000 0.343
7.100 44.015 4.311 10.847 0.913 2.000 0.343
7.200 45.109 4.404 11.047 0.947 2.000 0.343
7.300 46.224 4.500 11.247 0.982 2.000 0.343
