0.000 0.000 1.200 9.000 2.000 2.000 1.300
0.100 0.908 1.405 9.130 2.081 0.645 0.363
0.200 1.822 1.613 9.138 2.079 -0.440 -0.388
0.300 2.732 1.818 9.050 2.009 -1.285 -0.972
0.400 3.629 2.014 8.888 1.889 -1.920 -1.410
0.500 4.508 2.195 8.672 1.732 -2.375 -1.722
0.600 5.363 2.359 8.418 1.548 -2.680 -1.926
0.700 6.191 2.504 8.140 1.349 -2.865 -2.044
0.800 6.990 2.629 7.848 1.142 -2.960 -2.095
0.900 7.760 2.732 7.550 0.932 -2.995 -2.098
1.000 8.500 2.815 7.250 0.723 -3.000 -2.075
1.100 9.210 2.878 6.950 0.534 -3.000 -1.712
1.200 9.890 2.923 6.650 0.380 -3.000 -1.378
1.300 10.540 2.955 6.350 0.257 -3.000 -1.074
1.400 11.160 2.975 6.050 0.164 -3.000 -0.803
1.500 11.750 2.988 5.750 0.096 -3.000 -0.567
1.600 12.310 2.995 5.450 0.049 -3.000 -0.368
1.700 12.840 2.999 5.150 0.021 -3.000 -0.210
1.800 13.340 3.000 4.850 0.006 -3.000 -0.094
1.900 13.810 3.000 4.550 0.000 -3.000 -0.022
2.000 14.250 3.000 4.250 -0.000 -3.000 0.001
2.100 14.660 3.000 3.951 -0.000 -2.961 0.001
2.200 15.040 3.000 3.660 -0.000 -2.849 0.001
2.300 15.392 3.000 3.384 -0.000 -2.667 0.000
2.400 15.718 3.000 3.129 -0.000 -2.422 0.000
2.500 16.019 3.000 2.901 -0.000 -2.117 0.000
2.600 16.299 3.000 2.707 0.000 -1.759 0.000
2.700 16.562 3.000 2.551 0.000 -1.351 -0.000
2.800 16.811 3.000 2.438 0.000 -0.899 -0.000
2.900 17.051 3.000 2.373 0.000 -0.407 -0.000
3.000 17.287 3.000 2.358 0.000 0.118 -0.000
3.100 17.524 3.000 2.395 0.000 0.600 -0.000
3.200 17.768 3.000 2.476 0.000 1.016 -0.000
3.300 18.021 3.000 2.595 0.000 1.362 -0.000
3.400 18.288 3.000 2.746 0.000 1.637 -0.000
3.500 18.571 3.000 2.920 0.000 1.837 -0.000
3.600 18.872 3.000 3.111 0.000 1.959 -0.000
3.700 19.193 3.000 3.309 0.000 2.000 -0.000
3.800 19.534 3.000 3.509 0.002 2.000 0.031
3.900 19.895 3.000 3.709 0.006 2.000 0.061
4.000 20.276 3.001 3.909 0.014 2.000 0.089
4.100 20.677 3.003 4.109 0.024 2.000 0.115
4.200 21.098 3.006 4.309 0.037 2.000 0.139
4.300 21.539 3.011 4.509 0.052 2.000 0.163
4.400 22.000 3.017 4.709 0.069 2.000 0.184
4.500 22.481 3.025 4.909 0.088 2.000 0.204
4.600 22.982 3.034 5.109 0.110 2.000 0.223
4.700 23.503 3.047 5.309 0.133 2.000 0.240
4.800 24.044 3.061 5.509 0.158 2.000 0.257
4.900 24.605 3.078 5.709 0.184 2.000 0.271
5.000 25.186 3.098 5.909 0.212 2.000 0.285
5.100 25.787 3.121 6.109 0.241 2.000 0.298
5.200 26.408 3.146 6.309 0.272 2.000 0.309
5.300 27.048 3.175 6.509 0.303 2.000 0.320
5.400 27.709 3.207 6.709 0.336 2.000 0.329
5.500 28.390 3.242 6.909 0.369 2.000 0.338
5.600 29.091 3.281 7.109 0.403 2.000 0.345
5.700 29.812 3.323 7.309 0.438 2.000 0.352
5.800 30.553 3.368 7.509 0.473 2.000 0.358
5.900 31.314 3.418 7.709 0.509 2.000 0.363
6.000 32.095 3.470 7.909 0.546 2.000 0.368
6.100 32.896 3.527 8.109 0.583 2.000 0.372
6.200 33.717 3.587 8.309 0.620 2.000 0.375
6.300 34.558 3.651 8.509 0.658 2.000 0.378
6.400 35.419 3.719 8.709 0.696 2.000 0.380
6.500 36.300 3.790 8.909 0.734 2.000 0.382
6.600 37.201 3.865 9.109 0.772 2.000 0.383
6.700 38.122 3.944 9.309 0.810 2.000 0.384
6.800 39.063 4.027 9.509 0.849 2.000 0.385
6.900 40.023 4.114 9.709 0.887 2.000 0.385
7.000 41.004 4.205 9.909 0.926 2.000 0.386
7.100 42.005 4.299 10.109 0.965 2.000 0.386
7.200 43.026 4.398 10.309 1.003 2.000 0.386
7.300 44.067 4.500 10.509 1.042 2.000 0.386
