0.000 0.000 1.200 7.000 0.000 0.000 0.000
0.100 0.699 1.200 6.980 0.004 -0.395 0.075
0.200 1.395 1.201 6.923 0.015 -0.732 0.140
0.300 2.083 1.203 6.835 0.032 -1.013 0.197
0.400 2.761 1.207 6.722 0.054 -1.245 0.245
0.500 3.427 1.214 6.588 0.080 -1.430 0.285
0.600 4.078 1.224 6.437 0.110 -1.573 0.317
0.700 4.714 1.236 6.274 0.144 -1.679 0.344
0.800 5.333 1.252 6.103 0.179 -1.752 0.364
0.900 5.934 1.272 5.925 0.216 -1.796 0.378
1.000 6.517 1.296 5.744 0.254 -1.815 0.388
1.100 7.083 1.323 5.563 0.294 -1.808 0.393
1.200 7.630 1.354 5.383 0.333 -1.780 0.394
1.300 8.160 1.390 5.208 0.372 -1.734 0.391
1.400 8.672 1.429 5.037 0.411 -1.670 0.384
1.500 9.167 1.472 4.874 0.449 -1.591 0.375
1.600 9.647 1.519 4.720 0.486 -1.499 0.362
1.700 10.112 1.569 4.575 0.521 -1.394 0.347
1.800 10.562 1.623 4.441 0.555 -1.279 0.330
1.900 11.000 1.680 4.319 0.587 -1.155 0.310
2.000 11.427 1.740 4.210 0.617 -1.024 0.289
2.100 11.843 1.803 4.115 0.645 -0.886 0.266
2.200 12.250 1.869 4.033 0.670 -0.743 0.242
2.300 12.650 1.937 3.966 0.693 -0.595 0.217
2.400 13.044 2.008 3.914 0.714 -0.443 0.191
2.500 13.433 2.080 3.878 0.732 -0.288 0.165
2.600 13.820 2.154 3.857 0.747 -0.131 0.138
2.700 14.205 2.229 3.852 0.759 0.027 0.111
2.800 14.591 2.306 3.862 0.769 0.185 0.083
2.900 14.978 2.383 3.889 0.776 0.343 0.057
3.000 15.369 2.461 3.931 0.780 0.500 0.030
3.100 15.765 2.539 3.989 0.782 0.655 0.004
3.200 16.167 2.617 4.062 0.781 0.807 -0.021
3.300 16.578 2.695 4.150 0.778 0.955 -0.045
3.400 16.998 2.772 4.252 0.772 1.098 -0.068
3.500 17.429 2.849 4.369 0.764 1.236 -0.089
3.600 17.872 2.925 4.499 0.754 1.367 -0.109
3.700 18.329 3.000 4.642 0.742 1.490 -0.127
3.800 18.801 3.074 4.797 0.729 1.604 -0.142
3.900 19.289 3.146 4.963 0.714 1.707 -0.155
4.000 19.794 3.216 5.138 0.698 1.798 -0.167
4.100 20.317 3.285 5.322 0.681 1.875 -0.176
4.200 20.858 3.352 5.513 0.663 1.936 -0.184
4.300 21.419 3.418 5.708 0.644 1.980 -0.191
4.400 22.000 3.481 5.908 0.625 2.004 -0.196
4.500 22.601 3.543 6.108 0.605 2.008 -0.200
4.600 23.222 3.602 6.309 0.585 2.010 -0.203
4.700 23.863 3.660 6.510 0.564 2.011 -0.205
4.800 24.524 3.715 6.711 0.544 2.009 -0.206
4.900 25.205 3.768 6.912 0.523 2.004 -0.206
5.000 25.906 3.820 7.112 0.503 1.996 -0.205
5.100 26.627 3.869 7.311 0.482 1.985 -0.203
5.200 27.368 3.916 7.509 0.462 1.969 -0.201
5.300 28.129 3.961 7.705 0.442 1.948 -0.199
5.400 28.909 4.005 7.898 0.422 1.923 -0.196
5.500 29.709 4.046 8.089 0.403 1.882 -0.192
5.600 30.527 4.085 8.275 0.384 1.836 -0.189
5.700 31.363 4.123 8.456 0.365 1.787 -0.184
5.800 32.218 4.158 8.632 0.347 1.736 -0.180
5.900 33.090 4.192 8.803 0.329 1.682 -0.176
6.000 33.978 4.224 8.968 0.312 1.627 -0.171
6.100 34.883 4.254 9.128 0.295 1.572 -0.167
6.200 35.804 4.283 9.283 0.278 1.517 -0.162
6.300 36.739 4.310 9.432 0.262 1.464 -0.158
6.400 37.690 4.336 9.575 0.247 1.412 -0.153
6.500 38.654 4.359 9.714 0.232 1.363 -0.149
6.600 39.632 4.382 9.848 0.217 1.317 -0.145
6.700 40.624 4.403 9.978 0.203 1.274 -0.142
6.800 41.628 4.422 10.103 0.189 1.236 -0.139
6.900 42.644 4.441 10.225 0.175 1.203 -0.136
7.000 43.673 4.457 10.344 0.162 1.175 -0.133
7.100 44.713 4.473 10.460 0.148 1.155 -0.132
7.200 45.765 4.487 10.575 0.135 1.142 -0.131
7.300 46.828 4.500 10.689 0.122 1.137 -0.130
