0.000 0.000 1.200 9.500 2.000 2.000 1.200
0.100 0.958 1.404 9.630 2.073 0.645 0.300
0.200 1.922 1.612 9.638 2.066 -0.439 -0.420
0.300 2.882 1.815 9.550 1.995 -1.284 -0.978
0.400 3.829 2.009 9.388 1.875 -1.919 -1.394
0.500 4.758 2.189 9.172 1.720 -2.374 -1.690
0.600 5.663 2.353 8.919 1.541 -2.679 -1.883
0.700 6.541 2.497 8.641 1.346 -2.864 -1.996
0.800 7.390 2.621 8.349 1.144 -2.959 -2.046
0.900 8.210 2.726 8.051 0.938 -2.994 -2.055
1.000 9.000 2.809 7.751 0.733 -2.999 -2.042
1.100 9.761 2.873 7.451 0.546 -2.999 -1.706
1.200 10.491 2.919 7.151 0.391 -2.999 -1.389
1.300 11.191 2.952 6.851 0.267 -2.999 -1.094
1.400 11.861 2.974 6.551 0.172 -2.999 -0.827
1.500 12.501 2.987 6.252 0.101 -2.999 -0.590
1.600 13.111 2.995 5.952 0.053 -2.999 -0.387
1.700 13.691 2.998 5.652 0.022 -2.999 -0.223
1.800 14.242 3.000 5.352 0.007 -2.999 -0.101
1.900 14.762 3.000 5.052 0.001 -2.999 -0.025
2.000 15.252 3.000 4.752 -0.000 -2.999 0.001
2.100 15.712 3.000 4.452 -0.000 -2.998 0.000
2.200 16.142 3.000 4.153 -0.000 -2.989 0.000
2.300 16.543 3.000 3.855 -0.000 -2.963 0.000
2.400 16.914 3.000 3.561 -0.000 -2.912 0.000
2.500 17.255 3.000 3.274 -0.000 -2.829 0.000
2.600 17.569 3.000 2.996 0.000 -2.705 0.000
2.700 17.855 3.000 2.734 0.000 -2.532 -0.000
2.800 18.116 3.000 2.492 0.000 -2.302 -0.000
2.900 18.354 3.000 2.276 0.000 -2.007 -0.000
3.000 18.572 3.000 2.093 0.000 -1.637 -0.000
3.100 18.774 3.000 1.955 0.000 -1.110 -0.000
3.200 18.965 3.000 1.872 0.000 -0.551 -0.000
3.300 19.151 3.000 1.845 0.000 0.014 -0.000
3.400 19.336 3.000 1.874 0.000 0.562 -0.000
3.500 19.527 3.000 1.956 0.000 1.068 -0.000
3.600 19.729 3.000 2.086 0.000 1.507 -0.000
3.700 19.946 3.000 2.255 0.000 1.857 -0.000
3.800 20.181 3.000 2.443 0.002 1.910 0.031
3.900 20.435 3.000 2.636 0.006 1.948 0.061
4.000 20.708 3.001 2.832 0.014 1.973 0.089
4.100 21.001 3.003 3.030 0.024 1.988 0.115
4.200 21.314 3.006 3.230 0.037 1.996 0.139
4.300 21.647 3.011 3.430 0.052 1.999 0.163
4.400 22.000 3.017 3.630 0.069 2.000 0.184
4.500 22.373 3.025 3.829 0.088 2.000 0.204
4.600 22.766 3.034 4.029 0.110 2.000 0.223
4.700 23.179 3.047 4.229 0.133 2.000 0.240
4.800 23.612 3.061 4.429 0.158 2.000 0.257
4.900 24.065 3.078 4.629 0.184 2.000 0.271
5.000 24.538 3.098 4.829 0.212 2.000 0.285
5.100 25.031 3.121 5.029 0.241 2.000 0.298
5.200 25.544 3.146 5.229 0.272 2.000 0.309
5.300 26.076 3.175 5.429 0.303 2.000 0.320
5.400 26.629 3.207 5.629 0.336 2.000 0.329
5.500 27.202 3.242 5.829 0.369 2.000 0.338
5.600 27.795 3.281 6.029 0.403 2.000 0.345
5.700 28.408 3.323 6.229 0.438 2.000 0.352
5.800 29.041 3.368 6.429 0.473 2.000 0.358
5.900 29.694 3.418 6.629 0.509 2.000 0.363
6.000 30.367 3.470 6.829 0.546 2.000 0.368
6.100 31.060 3.527 7.029 0.583 2.000 0.372
6.200 31.773 3.587 7.229 0.620 2.000 0.375
6.300 32.506 3.651 7.429 0.658 2.000 0.378
6.400 33.258 3.719 7.629 0.696 2.000 0.380
6.500 34.031 3.790 7.829 0.734 2.000 0.382
6.600 34.824 3.865 8.029 0.772 2.000 0.383
6.700 35.637 3.944 8.229 0.810 2.000 0.384
6.800 36.470 4.027 8.429 0.849 2.000 0.385
6.900 37.323 4.114 8.629 0.887 2.000 0.385
7.000 38.196 4.205 8.829 0.926 2.000 0.386
7.100 39.089 4.299 9.029 0.965 2.000 0.386
7.200 40.002 4.398 9.229 1.003 2.000 0.386
7.300 40.935 4.500 9.429 1.042 2.000 0.386
