0.000 0.000 0.000 6.830 0.068 0.000 0.000
0.100 0.683 0.007 6.832 0.077 0.047 0.167
0.200 1.367 0.016 6.839 0.101 0.083 0.305
0.300 2.051 0.028 6.849 0.137 0.108 0.418
0.400 2.736 0.044 6.860 0.184 0.124 0.507
0.500 3.423 0.065 6.873 0.238 0.130 0.575
0.600 4.111 0.091 6.886 0.298 0.128 0.625
0.700 4.800 0.124 6.899 0.362 0.119 0.657
0.800 5.491 0.164 6.910 0.429 0.104 0.676
0.900 6.182 0.210 6.919 0.497 0.083 0.683
1.000 6.875 0.263 6.926 0.565 0.058 0.680
1.100 7.567 0.323 6.930 0.633 0.027 0.663
1.200 8.260 0.390 6.932 0.697 -0.007 0.636
1.300 8.954 0.463 6.929 0.759 -0.044 0.600
1.400 9.646 0.542 6.923 0.817 -0.084 0.557
1.500 10.338 0.626 6.912 0.871 -0.126 0.508
1.600 11.028 0.715 6.897 0.919 -0.170 0.453
1.700 11.717 0.810 6.878 0.961 -0.216 0.393
1.800 12.404 0.907 6.854 0.997 -0.262 0.330
1.900 13.088 1.009 6.826 1.027 -0.310 0.265
2.000 13.769 1.113 6.792 1.050 -0.357 0.197
2.100 14.446 1.219 6.754 1.066 -0.403 0.129
2.200 15.120 1.326 6.712 1.076 -0.449 0.060
2.300 15.788 1.433 6.664 1.078 -0.494 -0.008
2.400 16.452 1.541 6.613 1.074 -0.537 -0.075
2.500 17.111 1.648 6.557 1.063 -0.578 -0.140
2.600 17.764 1.754 6.497 1.046 -0.616 -0.202
2.700 18.410 1.857 6.434 1.023 -0.650 -0.260
2.800 19.050 1.958 6.368 0.994 -0.680 -0.314
2.900 19.684 2.056 6.298 0.961 -0.706 -0.362
3.000 20.310 2.150 6.227 0.922 -0.726 -0.403
3.100 20.929 2.240 6.153 0.880 -0.739 -0.438
3.200 21.541 2.326 6.079 0.835 -0.748 -0.465
3.300 22.145 2.407 6.004 0.787 -0.752 -0.487
3.400 22.741 2.483 5.929 0.738 -0.751 -0.504
3.500 23.330 2.555 5.854 0.687 -0.746 -0.515
3.600 23.912 2.621 5.780 0.635 -0.738 -0.522
3.700 24.486 2.682 5.706 0.582 -0.728 -0.526
3.800 25.053 2.737 5.634 0.530 -0.714 -0.526
3.900 25.613 2.787 5.563 0.477 -0.699 -0.523
4.000 26.166 2.833 5.494 0.425 -0.683 -0.518
4.100 26.712 2.873 5.427 0.374 -0.664 -0.511
4.200 27.252 2.907 5.361 0.323 -0.645 -0.502
4.300 27.785 2.937 5.298 0.273 -0.625 -0.491
4.400 28.311 2.962 5.237 0.225 -0.604 -0.479
4.500 28.832 2.982 5.177 0.178 -0.583 -0.466
4.600 29.347 2.998 5.120 0.132 -0.561 -0.452
4.700 29.856 3.009 5.065 0.087 -0.539 -0.438
4.800 30.360 3.015 5.012 0.044 -0.517 -0.422
4.900 30.859 3.017 4.962 0.003 -0.495 -0.407
5.000 31.352 3.016 4.913 -0.037 -0.473 -0.392
5.100 31.841 3.010 4.867 -0.076 -0.452 -0.376
5.200 32.326 3.001 4.823 -0.112 -0.431 -0.361
5.300 32.806 2.988 4.781 -0.148 -0.411 -0.346
5.400 33.282 2.971 4.741 -0.182 -0.391 -0.331
5.500 33.754 2.951 4.703 -0.214 -0.372 -0.316
5.600 34.223 2.928 4.666 -0.245 -0.353 -0.302
5.700 34.687 2.902 4.632 -0.274 -0.335 -0.289
5.800 35.149 2.874 4.599 -0.303 -0.318 -0.275
5.900 35.607 2.842 4.568 -0.330 -0.302 -0.263
6.000 36.063 2.808 4.539 -0.355 -0.286 -0.251
6.100 36.515 2.771 4.511 -0.380 -0.271 -0.240
6.200 36.965 2.732 4.485 -0.403 -0.258 -0.230
6.300 37.412 2.690 4.460 -0.426 -0.245 -0.220
6.400 37.857 2.647 4.436 -0.447 -0.233 -0.211
6.500 38.299 2.601 4.413 -0.468 -0.222 -0.203
6.600 38.740 2.553 4.391 -0.488 -0.212 -0.196
6.700 39.178 2.503 4.370 -0.507 -0.204 -0.189
6.800 39.614 2.452 4.350 -0.526 -0.196 -0.184
6.900 40.048 2.398 4.331 -0.544 -0.190 -0.179
7.000 40.480 2.343 4.312 -0.562 -0.185 -0.176
7.100 40.910 2.286 4.294 -0.579 -0.182 -0.173
7.200 41.339 2.227 4.276 -0.596 -0.179 -0.172
7.300 41.765 2.167 4.258 -0.614 -0.179 -0.171
