0.000 0.000 1.200 7.000 0.000 0.000 0.000
0.100 0.699 1.200 6.972 0.003 -0.537 0.062
0.200 1.393 1.201 6.896 0.012 -0.967 0.119
0.300 2.077 1.203 6.782 0.027 -1.302 0.169
0.400 2.748 1.206 6.639 0.046 -1.554 0.213
0.500 3.404 1.212 6.474 0.069 -1.735 0.252
0.600 4.042 1.220 6.294 0.096 -1.857 0.286
0.700 4.662 1.231 6.104 0.126 -1.932 0.314
0.800 5.263 1.246 5.908 0.159 -1.971 0.338
0.900 5.844 1.263 5.710 0.194 -1.987 0.357
1.000 6.405 1.284 5.511 0.230 -1.991 0.372
1.100 6.946 1.309 5.312 0.268 -1.988 0.382
1.200 7.468 1.338 5.114 0.306 -1.981 0.388
1.300 7.969 1.371 4.917 0.345 -1.965 0.391
1.400 8.451 1.407 4.721 0.384 -1.937 0.390
1.500 8.914 1.447 4.530 0.423 -1.891 0.386
1.600 9.357 1.492 4.344 0.461 -1.823 0.378
1.700 9.783 1.540 4.166 0.499 -1.728 0.368
1.800 10.191 1.591 3.999 0.535 -1.603 0.355
1.900 10.583 1.647 3.847 0.570 -1.443 0.340
2.000 10.961 1.705 3.712 0.603 -1.243 0.322
2.100 11.326 1.767 3.601 0.634 -0.971 0.303
2.200 11.682 1.832 3.519 0.663 -0.674 0.281
2.300 12.031 1.900 3.467 0.690 -0.360 0.258
2.400 12.376 1.970 3.447 0.715 -0.036 0.234
2.500 12.721 2.043 3.460 0.737 0.289 0.209
2.600 13.069 2.117 3.505 0.757 0.608 0.183
2.700 13.423 2.194 3.581 0.774 0.912 0.156
2.800 13.786 2.272 3.686 0.788 1.193 0.128
2.900 14.161 2.351 3.818 0.799 1.444 0.101
3.000 14.551 2.432 3.974 0.808 1.657 0.073
3.100 14.957 2.513 4.146 0.814 1.786 0.046
3.200 15.380 2.594 4.330 0.817 1.879 0.019
3.300 15.823 2.676 4.521 0.818 1.940 -0.007
3.400 16.285 2.758 4.717 0.816 1.977 -0.033
3.500 16.766 2.839 4.916 0.811 1.995 -0.057
3.600 17.268 2.920 5.116 0.804 2.000 -0.080
3.700 17.790 3.000 5.316 0.795 1.999 -0.102
3.800 18.331 3.079 5.515 0.784 1.998 -0.121
3.900 18.893 3.157 5.715 0.771 1.998 -0.139
4.000 19.474 3.233 5.915 0.756 1.998 -0.156
4.100 20.076 3.308 6.115 0.740 1.997 -0.171
4.200 20.697 3.381 6.314 0.722 1.997 -0.184
4.300 21.339 3.452 6.514 0.703 1.997 -0.196
4.400 22.000 3.522 6.714 0.683 1.997 -0.207
4.500 22.681 3.589 6.913 0.662 1.996 -0.216
4.600 23.383 3.654 7.113 0.640 1.996 -0.224
4.700 24.104 3.717 7.313 0.617 1.995 -0.231
4.800 24.845 3.777 7.512 0.594 1.995 -0.237
4.900 25.606 3.836 7.712 0.570 1.994 -0.241
5.000 26.388 3.891 7.911 0.545 1.993 -0.245
5.100 27.189 3.945 8.110 0.521 1.992 -0.248
5.200 28.010 3.995 8.309 0.496 1.991 -0.250
5.300 28.850 4.044 8.508 0.471 1.990 -0.251
5.400 29.711 4.090 8.707 0.446 1.988 -0.252
5.500 30.592 4.133 8.904 0.420 1.936 -0.252
5.600 31.492 4.174 9.093 0.395 1.831 -0.251
5.700 32.410 4.212 9.269 0.370 1.683 -0.250
5.800 33.345 4.248 9.428 0.345 1.502 -0.248
5.900 34.295 4.281 9.568 0.321 1.297 -0.246
6.000 35.258 4.312 9.687 0.296 1.078 -0.244
6.100 36.232 4.340 9.784 0.272 0.854 -0.242
6.200 37.214 4.366 9.858 0.248 0.634 -0.239
6.300 38.203 4.390 9.911 0.224 0.430 -0.236
6.400 39.195 4.411 9.945 0.200 0.249 -0.233
6.500 40.191 4.430 9.966 0.177 0.174 -0.230
6.600 41.188 4.446 9.980 0.154 0.115 -0.228
6.700 42.187 4.461 9.989 0.132 0.072 -0.225
6.800 43.186 4.473 9.995 0.109 0.041 -0.223
6.900 44.186 4.483 9.998 0.087 0.020 -0.221
7.000 45.186 4.490 9.999 0.065 0.008 -0.219
7.100 46.186 4.496 10.000 0.043 0.002 -0.218
7.200 47.186 4.499 10.000 0.022 0.000 -0.217
7.300 48.186 4.500 10.000 -0.000 -0.000 -0.216
