0.000 0.000 1.200 7.000 0.000 0.000 0.000
0.100 0.700 1.200 6.986 0.007 -0.269 0.140
0.200 1.396 1.202 6.948 0.027 -0.496 0.258
0.300 2.088 1.206 6.888 0.058 -0.683 0.354
0.400 2.774 1.214 6.812 0.097 -0.835 0.431
0.500 3.450 1.226 6.722 0.144 -0.954 0.491
0.600 4.118 1.243 6.622 0.195 -1.044 0.533
0.700 4.775 1.265 6.515 0.250 -1.106 0.561
0.800 5.420 1.293 6.402 0.307 -1.145 0.576
0.900 6.055 1.326 6.286 0.365 -1.163 0.578
1.000 6.678 1.366 6.170 0.422 -1.163 0.570
1.100 7.289 1.411 6.054 0.478 -1.145 0.551
1.200 7.889 1.461 5.941 0.532 -1.112 0.524
1.300 8.477 1.517 5.832 0.583 -1.066 0.490
1.400 9.055 1.578 5.729 0.630 -1.007 0.448
1.500 9.623 1.643 5.631 0.672 -0.938 0.400
1.600 10.182 1.712 5.541 0.710 -0.858 0.348
1.700 10.732 1.785 5.460 0.742 -0.770 0.291
1.800 11.274 1.860 5.388 0.768 -0.675 0.231
1.900 11.810 1.938 5.325 0.788 -0.574 0.168
2.000 12.339 2.017 5.273 0.801 -0.468 0.104
2.100 12.864 2.098 5.232 0.808 -0.357 0.038
2.200 13.386 2.179 5.202 0.809 -0.243 -0.027
2.300 13.905 2.259 5.183 0.803 -0.125 -0.092
2.400 14.423 2.339 5.177 0.791 -0.006 -0.156
2.500 14.941 2.417 5.182 0.772 0.116 -0.217
2.600 15.460 2.493 5.200 0.747 0.238 -0.276
2.700 15.981 2.567 5.230 0.717 0.360 -0.330
2.800 16.506 2.637 5.272 0.681 0.481 -0.380
2.900 17.036 2.703 5.326 0.641 0.602 -0.425
3.000 17.572 2.765 5.392 0.597 0.720 -0.463
3.100 18.115 2.822 5.470 0.549 0.836 -0.494
3.200 18.666 2.874 5.559 0.498 0.948 -0.517
3.300 19.227 2.922 5.659 0.446 1.055 -0.530
3.400 19.798 2.963 5.770 0.392 1.157 -0.533
3.500 20.381 3.000 5.890 0.339 1.253 -0.524
3.600 20.977 3.031 6.020 0.288 1.342 -0.504
3.700 21.585 3.058 6.158 0.239 1.421 -0.472
3.800 22.209 3.079 6.304 0.194 1.491 -0.432
3.900 22.847 3.097 6.456 0.153 1.550 -0.386
4.000 23.500 3.110 6.614 0.117 1.596 -0.335
4.100 24.169 3.120 6.775 0.086 1.628 -0.276
4.200 24.855 3.127 6.939 0.061 1.647 -0.222
4.300 25.557 3.133 7.104 0.042 1.656 -0.173
4.400 26.276 3.136 7.270 0.027 1.654 -0.130
4.500 27.011 3.138 7.435 0.016 1.644 -0.091
4.600 27.763 3.139 7.598 0.008 1.627 -0.060
4.700 28.531 3.140 7.760 0.003 1.603 -0.034
4.800 29.315 3.140 7.919 0.001 1.573 -0.015
4.900 30.114 3.140 8.074 0.000 1.540 -0.004
5.000 30.929 3.140 8.226 0.000 1.503 0.000
5.100 31.759 3.140 8.375 0.000 1.463 0.000
5.200 32.604 3.140 8.519 0.000 1.421 -0.000
5.300 33.463 3.140 8.659 0.000 1.377 -0.000
5.400 34.336 3.140 8.794 0.000 1.333 -0.000
5.500 35.222 3.140 8.925 -0.000 1.288 -0.000
5.600 36.121 3.140 9.052 -0.000 1.243 -0.000
5.700 37.032 3.140 9.174 -0.000 1.199 -0.000
5.800 37.955 3.140 9.292 -0.000 1.155 0.000
5.900 38.890 3.140 9.405 -0.000 1.113 0.000
6.000 39.836 3.140 9.514 0.000 1.073 0.000
6.100 40.793 3.140 9.620 0.000 1.035 0.000
6.200 41.760 3.140 9.722 0.000 1.000 -0.000
6.300 42.737 3.140 9.820 0.000 0.967 -0.000
6.400 43.724 3.140 9.915 0.000 0.938 -0.000
6.500 44.720 3.140 10.008 -0.000 0.913 -0.000
6.600 45.725 3.140 10.098 -0.000 0.892 0.000
6.700 46.740 3.140 10.186 0.000 0.877 0.000
6.800 47.763 3.140 10.273 0.000 0.867 0.000
6.900 48.794 3.140 10.360 0.000 0.863 0.000
