0.000 0.000 3.500 5.000 0.000 0.000 0.000
0.100 0.502 3.500 5.049 0.000 0.945 0.000
0.200 1.013 3.500 5.183 -0.000 1.694 -0.000
0.300 1.540 3.500 5.383 -0.000 2.273 -0.001
0.400 2.091 3.500 5.632 -0.000 2.702 -0.003
0.500 2.668 3.500 5.919 -0.001 3.004 -0.005
0.600 3.275 3.500 6.230 -0.001 3.200 -0.007
0.700 3.915 3.500 6.556 -0.002 3.313 -0.010
0.800 4.587 3.499 6.890 -0.003 3.365 -0.013
0.900 5.293 3.499 7.228 -0.005 3.377 -0.016
1.000 6.032 3.498 7.565 -0.007 3.371 -0.020
1.100 6.806 3.498 7.907 -0.009 3.445 -0.024
1.200 7.614 3.497 8.253 -0.011 3.470 -0.028
1.300 8.457 3.495 8.598 -0.014 3.411 -0.032
1.400 9.333 3.494 8.931 -0.018 3.233 -0.036
1.500 10.242 3.492 9.239 -0.022 2.900 -0.041
1.600 11.180 3.490 9.505 -0.026 2.377 -0.046
1.700 12.141 3.487 9.707 -0.031 1.629 -0.051
1.800 13.118 3.483 9.822 -0.036 0.621 -0.055
1.900 14.103 3.479 9.862 -0.042 0.189 -0.060
2.000 15.089 3.475 9.862 -0.048 -0.167 -0.065
2.100 16.074 3.470 9.831 -0.055 -0.459 -0.070
2.200 17.054 3.464 9.773 -0.062 -0.694 -0.075
2.300 18.028 3.457 9.693 -0.070 -0.881 -0.080
2.400 18.992 3.450 9.598 -0.078 -1.029 -0.085
2.500 19.947 3.442 9.489 -0.087 -1.148 -0.090
2.600 20.890 3.433 9.369 -0.096 -1.246 -0.095
2.700 21.820 3.423 9.240 -0.106 -1.332 -0.099
2.800 22.737 3.411 9.102 -0.116 -1.415 -0.104
2.900 23.641 3.399 8.957 -0.127 -1.484 -0.108
3.000 24.529 3.386 8.806 -0.138 -1.543 -0.112
3.100 25.402 3.372 8.649 -0.149 -1.594 -0.116
3.200 26.258 3.356 8.487 -0.161 -1.639 -0.120
3.300 27.099 3.340 8.321 -0.173 -1.678 -0.124
3.400 27.923 3.322 8.152 -0.186 -1.714 -0.127
3.500 28.729 3.303 7.979 -0.198 -1.748 -0.130
3.600 29.518 3.282 7.802 -0.211 -1.782 -0.132
3.700 30.290 3.260 7.622 -0.225 -1.817 -0.134
3.800 31.043 3.237 7.439 -0.238 -1.855 -0.136
3.900 31.777 3.213 7.251 -0.252 -1.886 -0.138
4.000 32.493 3.187 7.064 -0.266 -1.860 -0.138
4.100 33.190 3.159 6.880 -0.280 -1.806 -0.139
4.200 33.869 3.131 6.702 -0.294 -1.745 -0.139
4.300 34.531 3.101 6.531 -0.307 -1.683 -0.138
4.400 35.175 3.069 6.366 -0.321 -1.618 -0.137
4.500 35.804 3.036 6.207 -0.335 -1.553 -0.136
4.600 36.417 3.002 6.055 -0.349 -1.488 -0.135
4.700 37.015 2.967 5.910 -0.362 -1.422 -0.133
4.800 37.599 2.930 5.771 -0.375 -1.356 -0.131
4.900 38.170 2.892 5.639 -0.388 -1.291 -0.129
5.000 38.727 2.852 5.513 -0.401 -1.227 -0.127
5.100 39.273 2.811 5.393 -0.413 -1.164 -0.124
5.200 39.806 2.770 5.280 -0.426 -1.102 -0.121
5.300 40.329 2.726 5.173 -0.438 -1.042 -0.119
5.400 40.841 2.682 5.071 -0.449 -0.984 -0.116
5.500 41.343 2.636 4.976 -0.461 -0.929 -0.113
5.600 41.836 2.590 4.886 -0.472 -0.875 -0.110
5.700 42.321 2.542 4.801 -0.483 -0.824 -0.107
5.800 42.797 2.493 4.721 -0.493 -0.776 -0.104
5.900 43.265 2.443 4.645 -0.504 -0.731 -0.101
6.000 43.726 2.393 4.574 -0.514 -0.689 -0.099
6.100 44.180 2.341 4.508 -0.523 -0.651 -0.096
6.200 44.627 2.288 4.444 -0.533 -0.616 -0.094
6.300 45.069 2.234 4.384 -0.542 -0.585 -0.091
6.400 45.504 2.179 4.327 -0.551 -0.559 -0.089
6.500 45.934 2.124 4.272 -0.560 -0.536 -0.087
6.600 46.359 2.067 4.220 -0.569 -0.517 -0.085
6.700 46.778 2.010 4.169 -0.577 -0.503 -0.084
6.800 47.193 1.952 4.119 -0.585 -0.493 -0.083
6.900 47.602 1.893 4.070 -0.594 -0.487 -0.082
7.000 48.007 1.833 4.021 -0.602 -0.485 -0.082
