0.000 0.000 1.200 7.000 0.000 0.000 0.000
0.100 0.699 1.200 6.984 0.007 -0.303 0.127
0.200 1.396 1.202 6.941 0.025 -0.561 0.234
0.300 2.087 1.205 6.874 0.053 -0.777 0.321
0.400 2.770 1.212 6.787 0.088 -0.955 0.392
0.500 3.444 1.223 6.684 0.130 -1.097 0.446
0.600 4.106 1.239 6.568 0.177 -1.208 0.485
0.700 4.757 1.259 6.443 0.227 -1.289 0.511
0.800 5.395 1.284 6.311 0.279 -1.345 0.525
0.900 6.019 1.315 6.175 0.332 -1.379 0.529
1.000 6.630 1.350 6.036 0.384 -1.394 0.524
1.100 7.226 1.392 5.897 0.436 -1.389 0.509
1.200 7.809 1.438 5.759 0.486 -1.368 0.488
1.300 8.378 1.489 5.624 0.533 -1.333 0.459
1.400 8.934 1.544 5.493 0.578 -1.284 0.425
1.500 9.477 1.604 5.367 0.618 -1.224 0.386
1.600 10.008 1.668 5.248 0.655 -1.153 0.342
1.700 10.527 1.735 5.137 0.686 -1.072 0.294
1.800 11.035 1.805 5.034 0.713 -0.984 0.244
1.900 11.534 1.877 4.941 0.735 -0.889 0.191
2.000 12.024 1.952 4.857 0.751 -0.788 0.136
2.100 12.506 2.027 4.783 0.762 -0.681 0.080
2.200 12.981 2.104 4.721 0.768 -0.570 0.024
2.300 13.450 2.181 4.669 0.767 -0.455 -0.033
2.400 13.915 2.257 4.630 0.761 -0.337 -0.089
2.500 14.377 2.333 4.602 0.749 -0.217 -0.144
2.600 14.836 2.407 4.586 0.732 -0.094 -0.197
2.700 15.294 2.479 4.583 0.710 0.029 -0.248
2.800 15.753 2.549 4.592 0.683 0.154 -0.296
2.900 16.213 2.615 4.614 0.651 0.279 -0.341
3.000 16.676 2.679 4.648 0.615 0.403 -0.381
3.100 17.143 2.738 4.694 0.575 0.526 -0.416
3.200 17.615 2.794 4.753 0.532 0.648 -0.446
3.300 18.094 2.844 4.824 0.486 0.768 -0.469
3.400 18.581 2.891 4.907 0.438 0.885 -0.485
3.500 19.076 2.932 5.001 0.389 0.998 -0.492
3.600 19.581 2.968 5.106 0.340 1.107 -0.490
3.700 20.097 3.000 5.222 0.291 1.211 -0.478
3.800 20.626 3.027 5.348 0.245 1.309 -0.454
3.900 21.167 3.049 5.484 0.201 1.400 -0.421
4.000 21.723 3.067 5.628 0.161 1.483 -0.381
4.100 22.293 3.081 5.780 0.125 1.558 -0.336
4.200 22.879 3.092 5.939 0.094 1.621 -0.286
4.300 23.481 3.100 6.104 0.068 1.673 -0.236
4.400 24.100 3.106 6.273 0.046 1.712 -0.186
4.500 24.736 3.110 6.446 0.031 1.736 -0.136
4.600 25.389 3.112 6.620 0.019 1.748 -0.095
4.700 26.060 3.114 6.795 0.011 1.748 -0.064
4.800 26.748 3.114 6.969 0.006 1.738 -0.040
4.900 27.454 3.115 7.142 0.003 1.719 -0.023
5.000 28.176 3.115 7.313 0.001 1.692 -0.012
5.100 28.916 3.115 7.480 0.000 1.658 -0.005
5.200 29.672 3.115 7.644 0.000 1.620 -0.001
5.300 30.445 3.115 7.804 -0.000 1.577 -0.000
5.400 31.233 3.115 7.959 0.000 1.530 0.000
5.500 32.036 3.115 8.110 0.000 1.481 0.000
5.600 32.855 3.115 8.255 0.000 1.430 0.000
5.700 33.687 3.115 8.396 0.000 1.377 -0.000
5.800 34.534 3.115 8.531 0.000 1.323 -0.000
5.900 35.393 3.115 8.660 -0.000 1.269 -0.000
6.000 36.266 3.115 8.785 -0.000 1.215 -0.000
6.100 37.150 3.115 8.903 -0.000 1.162 -0.000
6.200 38.046 3.115 9.017 -0.000 1.111 0.000
6.300 38.953 3.115 9.126 -0.000 1.061 0.000
6.400 39.871 3.115 9.229 0.000 1.013 0.000
6.500 40.799 3.115 9.328 0.000 0.968 0.000
6.600 41.737 3.115 9.423 0.000 0.926 -0.000
6.700 42.684 3.115 9.514 0.000 0.888 -0.000
6.800 43.639 3.115 9.601 0.000 0.853 -0.000
6.900 44.604 3.115 9.685 -0.000 0.824 -0.000
7.000 45.576 3.115 9.766 -0.000 0.799 0.000
7.100 46.557 3.115 9.845 0.000 0.781 0.000
7.200 47.545 3.115 9.922 0.000 0.769 0.000
7.300 48.541 3.115 9.999 0.000 0.765 0.000
