0.000 0.000 1.200 10.000 2.000 1.400 1.000
0.100 1.005 1.404 10.078 2.058 0.206 0.187
0.200 2.012 1.609 10.049 2.043 -0.749 -0.464
0.300 3.012 1.810 9.935 1.970 -1.493 -0.971
0.400 3.997 2.002 9.757 1.853 -2.053 -1.352
0.500 4.962 2.180 9.530 1.703 -2.453 -1.625
0.600 5.902 2.342 9.270 1.531 -2.722 -1.808
0.700 6.815 2.485 8.989 1.344 -2.884 -1.919
0.800 7.699 2.610 8.696 1.149 -2.968 -1.976
0.900 8.554 2.715 8.398 0.950 -2.998 -1.997
1.000 9.379 2.800 8.097 0.750 -3.002 -2.000
1.100 10.174 2.865 7.797 0.565 -3.002 -1.701
1.200 10.938 2.914 7.497 0.410 -3.002 -1.408
1.300 11.673 2.948 7.197 0.283 -3.002 -1.127
1.400 12.378 2.971 6.897 0.184 -3.003 -0.864
1.500 13.052 2.986 6.596 0.109 -3.003 -0.625
1.600 13.697 2.994 6.296 0.058 -3.003 -0.416
1.700 14.312 2.998 5.996 0.025 -3.003 -0.243
1.800 14.896 3.000 5.695 0.008 -3.003 -0.112
1.900 15.451 3.000 5.395 0.001 -3.003 -0.029
2.000 15.975 3.000 5.095 -0.000 -3.004 0.000
2.100 16.470 3.000 4.797 -0.000 -2.938 0.000
2.200 16.935 3.000 4.509 -0.000 -2.832 0.000
2.300 17.372 3.000 4.232 -0.000 -2.688 0.000
2.400 17.782 3.000 3.972 -0.000 -2.513 -0.000
2.500 18.167 3.000 3.731 -0.000 -2.309 -0.000
2.600 18.529 3.000 3.511 -0.000 -2.080 0.000
2.700 18.870 3.000 3.315 -0.000 -1.832 0.000
2.800 19.193 3.000 3.145 -0.000 -1.568 0.000
2.900 19.500 3.000 3.002 -0.000 -1.292 0.000
3.000 19.794 3.000 2.887 0.000 -1.009 0.000
3.100 20.078 3.000 2.800 0.000 -0.720 -0.000
3.200 20.355 3.000 2.743 -0.000 -0.428 -0.000
3.300 20.628 3.000 2.715 -0.000 -0.138 -0.000
3.400 20.899 3.000 2.715 -0.000 0.149 -0.000
3.500 21.172 3.000 2.744 -0.000 0.427 0.000
3.600 21.449 3.000 2.800 0.000 0.695 0.000
3.700 21.733 3.000 2.883 0.000 0.949 0.000
3.800 22.026 3.000 2.990 0.000 1.184 0.000
3.900 22.331 3.000 3.119 0.000 1.399 -0.000
4.000 22.651 3.000 3.269 0.000 1.588 -0.000
4.100 22.986 3.000 3.436 0.000 1.747 -0.000
4.200 23.338 3.000 3.617 0.000 1.871 -0.000
4.300 23.709 3.000 3.808 -0.000 1.957 -0.000
4.400 24.100 3.000 4.007 -0.000 1.999 0.000
4.500 24.511 3.000 4.206 -0.000 1.999 0.000
4.600 24.941 3.000 4.406 -0.000 1.999 -0.000
4.700 25.392 3.000 4.606 -0.000 1.999 -0.000
4.800 25.863 3.000 4.806 -0.000 2.000 -0.000
4.900 26.353 3.000 5.006 -0.000 2.000 -0.000
5.000 26.864 3.000 5.206 -0.000 2.000 -0.000
5.100 27.394 3.000 5.406 -0.000 2.000 -0.000
5.200 27.945 3.000 5.606 -0.000 2.000 -0.000
5.300 28.516 3.000 5.806 -0.000 2.000 -0.000
5.400 29.106 3.000 6.006 -0.000 2.000 0.000
5.500 29.717 3.000 6.206 -0.000 2.000 0.000
5.600 30.348 3.000 6.406 -0.000 1.999 0.000
5.700 30.998 3.000 6.606 -0.000 1.995 0.000
5.800 31.669 3.000 6.805 -0.000 1.988 0.000
5.900 32.359 3.000 7.003 -0.000 1.977 0.000
6.000 33.069 3.000 7.200 -0.000 1.960 0.000
6.100 33.799 3.000 7.395 -0.000 1.937 0.000
6.200 34.548 3.000 7.587 -0.000 1.906 0.000
6.300 35.316 3.000 7.776 -0.000 1.866 0.000
6.400 36.103 3.000 7.960 -0.000 1.816 0.000
6.500 36.908 3.000 8.140 -0.000 1.769 0.000
6.600 37.731 3.000 8.314 -0.000 1.721 0.000
6.700 38.571 3.000 8.484 -0.000 1.675 0.000
6.800 39.428 3.000 8.649 -0.000 1.631 0.000
6.900 40.301 3.000 8.810 -0.000 1.591 0.000
7.000 41.190 3.000 8.967 -0.000 1.558 -0.000
7.100 42.094 3.000 9.122 -0.000 1.532 -0.000
7.200 43.014 3.000 9.274 -0.000 1.515 0.000
7.300 43.949 3.000 9.425 -0.000 1.508 0.000
