0.000 0.000 1.200 7.000 0.000 0.000 0.000
0.100 0.700 1.200 6.986 0.007 -0.269 0.140
0.200 1.396 1.202 6.948 0.027 -0.496 0.258
0.300 2.088 1.206 6.888 0.058 -0.684 0.354
0.400 2.774 1.214 6.812 0.097 -0.836 0.431
0.500 3.450 1.226 6.722 0.144 -0.955 0.491
0.600 4.118 1.243 6.622 0.195 -1.044 0.533
0.700 4.774 1.265 6.514 0.250 -1.107 0.561
0.800 5.420 1.293 6.401 0.307 -1.145 0.576
0.900 6.055 1.326 6.286 0.365 -1.163 0.578
1.000 6.677 1.366 6.169 0.422 -1.164 0.570
1.100 7.289 1.411 6.054 0.478 -1.145 0.551
1.200 7.888 1.461 5.941 0.532 -1.112 0.524
1.300 8.477 1.517 5.832 0.583 -1.066 0.490
1.400 9.055 1.578 5.728 0.630 -1.007 0.448
1.500 9.623 1.643 5.631 0.672 -0.938 0.400
1.600 10.181 1.712 5.541 0.710 -0.858 0.348
1.700 10.731 1.785 5.459 0.742 -0.770 0.291
1.800 11.273 1.860 5.387 0.768 -0.675 0.231
1.900 11.809 1.938 5.325 0.788 -0.574 0.168
2.000 12.339 2.017 5.272 0.801 -0.468 0.104
2.100 12.864 2.098 5.231 0.808 -0.357 0.038
2.200 13.385 2.179 5.201 0.809 -0.242 -0.027
2.300 13.904 2.259 5.183 0.803 -0.125 -0.092
2.400 14.422 2.339 5.176 0.791 -0.005 -0.156
2.500 14.940 2.417 5.182 0.772 0.117 -0.217
2.600 15.459 2.493 5.200 0.747 0.239 -0.276
2.700 15.980 2.567 5.230 0.717 0.361 -0.330
2.800 16.505 2.637 5.272 0.681 0.483 -0.380
2.900 17.035 2.703 5.326 0.641 0.603 -0.425
3.000 17.571 2.765 5.392 0.597 0.721 -0.463
3.100 18.114 2.822 5.470 0.549 0.837 -0.494
3.200 18.665 2.874 5.560 0.498 0.949 -0.517
3.300 19.226 2.922 5.660 0.446 1.056 -0.530
3.400 19.798 2.963 5.771 0.392 1.158 -0.533
3.500 20.381 3.000 5.891 0.339 1.254 -0.524
3.600 20.976 3.031 6.021 0.288 1.342 -0.504
3.700 21.585 3.058 6.160 0.239 1.422 -0.472
3.800 22.208 3.079 6.305 0.194 1.492 -0.432
3.900 22.847 3.097 6.458 0.153 1.551 -0.386
4.000 23.500 3.110 6.615 0.117 1.597 -0.335
4.100 24.170 3.120 6.776 0.086 1.628 -0.276
4.200 24.856 3.127 6.940 0.061 1.647 -0.222
4.300 25.558 3.133 7.106 0.042 1.656 -0.173
4.400 26.277 3.136 7.271 0.027 1.655 -0.130
4.500 27.012 3.138 7.436 0.016 1.644 -0.092
4.600 27.764 3.139 7.600 0.008 1.627 -0.060
4.700 28.532 3.140 7.761 0.003 1.603 -0.034
4.800 29.316 3.140 7.920 0.001 1.573 -0.015
4.900 30.116 3.140 8.076 0.000 1.540 -0.004
5.000 30.931 3.140 8.228 0.000 1.503 0.001
5.100 31.761 3.140 8.376 0.000 1.463 0.000
5.200 32.606 3.140 8.521 0.000 1.421 0.000
5.300 33.465 3.140 8.660 0.000 1.377 -0.000
5.400 34.338 3.140 8.796 0.000 1.333 -0.000
5.500 35.224 3.140 8.927 0.000 1.288 -0.000
5.600 36.123 3.140 9.054 -0.000 1.243 -0.000
5.700 37.035 3.140 9.176 -0.000 1.198 -0.000
5.800 37.958 3.140 9.293 -0.000 1.155 0.000
5.900 38.893 3.140 9.407 -0.000 1.113 0.000
6.000 39.840 3.140 9.516 -0.000 1.073 0.001
6.100 40.796 3.140 9.621 0.000 1.035 0.000
6.200 41.764 3.140 9.723 0.000 0.999 0.000
6.300 42.741 3.140 9.821 0.000 0.967 -0.000
6.400 43.728 3.140 9.916 0.000 0.938 -0.000
6.500 44.724 3.140 10.009 0.000 0.913 -0.000
6.600 45.730 3.140 10.099 -0.000 0.892 -0.000
6.700 46.744 3.140 10.187 -0.000 0.876 0.000
6.800 47.767 3.140 10.275 -0.000 0.867 0.000
6.900 48.799 3.140 10.361 0.000 0.863 0.000
