0.000 0.000 1.200 9.300 0.000 0.190 0.000
0.100 0.930 1.200 9.286 0.007 -0.451 0.127
0.200 1.855 1.202 9.214 0.025 -0.964 0.234
0.300 2.771 1.205 9.097 0.053 -1.362 0.321
0.400 3.673 1.212 8.945 0.088 -1.659 0.392
0.500 4.559 1.223 8.768 0.130 -1.870 0.446
0.600 5.426 1.239 8.573 0.177 -2.008 0.485
0.700 6.274 1.259 8.368 0.227 -2.089 0.511
0.800 7.100 1.284 8.157 0.279 -2.124 0.525
0.900 7.905 1.315 7.944 0.332 -2.130 0.529
1.000 8.689 1.350 7.732 0.384 -2.119 0.524
1.100 9.451 1.392 7.520 0.436 -2.120 0.509
1.200 10.193 1.438 7.308 0.486 -2.120 0.488
1.300 10.913 1.489 7.096 0.533 -2.118 0.459
1.400 11.612 1.544 6.884 0.578 -2.116 0.425
1.500 12.290 1.604 6.673 0.618 -2.113 0.386
1.600 12.947 1.668 6.462 0.655 -2.108 0.342
1.700 13.582 1.735 6.251 0.686 -2.102 0.294
1.800 14.197 1.805 6.041 0.713 -2.094 0.244
1.900 14.790 1.877 5.832 0.735 -2.085 0.191
2.000 15.363 1.952 5.624 0.751 -2.075 0.136
2.100 15.915 2.027 5.417 0.762 -2.073 0.080
2.200 16.447 2.104 5.210 0.768 -2.071 0.024
2.300 16.957 2.181 5.003 0.767 -2.068 -0.033
2.400 17.447 2.257 4.796 0.761 -2.065 -0.089
2.500 17.917 2.333 4.590 0.749 -2.061 -0.144
2.600 18.365 2.407 4.384 0.732 -2.056 -0.197
2.700 18.793 2.479 4.179 0.710 -2.051 -0.248
2.800 19.201 2.549 3.974 0.683 -2.044 -0.296
2.900 19.588 2.615 3.770 0.651 -2.036 -0.341
3.000 19.955 2.679 3.567 0.615 -2.027 -0.381
3.100 20.302 2.738 3.364 0.575 -2.018 -0.416
3.200 20.628 2.794 3.164 0.532 -1.978 -0.446
3.300 20.935 2.844 2.971 0.486 -1.878 -0.469
3.400 21.223 2.891 2.792 0.438 -1.686 -0.485
3.500 21.494 2.932 2.638 0.389 -1.373 -0.492
3.600 21.751 2.968 2.522 0.340 -0.907 -0.490
3.700 22.000 3.000 2.462 0.291 -0.257 -0.478
3.800 22.246 3.027 2.468 0.245 0.345 -0.454
3.900 22.495 3.049 2.528 0.201 0.843 -0.421
4.000 22.753 3.067 2.633 0.161 1.243 -0.381
4.100 23.023 3.081 2.773 0.125 1.553 -0.336
4.200 23.309 3.092 2.941 0.094 1.777 -0.286
4.300 23.612 3.100 3.126 0.068 1.924 -0.236
4.400 23.934 3.106 3.323 0.046 2.000 -0.186
4.500 24.277 3.110 3.523 0.030 2.000 -0.136
4.600 24.639 3.112 3.723 0.019 2.000 -0.095
4.700 25.021 3.114 3.923 0.011 2.000 -0.064
4.800 25.424 3.114 4.123 0.006 2.000 -0.040
4.900 25.846 3.115 4.323 0.003 2.000 -0.023
5.000 26.288 3.115 4.523 0.001 2.000 -0.012
5.100 26.751 3.115 4.723 0.000 2.000 -0.005
5.200 27.233 3.115 4.923 0.000 2.000 -0.001
5.300 27.735 3.115 5.123 0.000 2.000 -0.000
5.400 28.257 3.115 5.323 -0.000 2.000 0.000
5.500 28.800 3.115 5.523 -0.000 2.000 0.000
5.600 29.362 3.115 5.723 -0.000 2.000 0.000
5.700 29.944 3.115 5.923 -0.000 1.999 0.000
5.800 30.547 3.115 6.123 -0.000 1.997 0.000
5.900 31.169 3.115 6.322 -0.000 1.994 0.000
6.000 31.811 3.115 6.522 -0.000 1.989 0.000
6.100 32.473 3.115 6.720 -0.000 1.983 0.000
6.200 33.155 3.115 6.918 0.000 1.975 0.000
6.300 33.857 3.115 7.115 0.000 1.964 0.000
6.400 34.578 3.115 7.311 0.000 1.950 0.000
6.500 35.319 3.115 7.504 -0.000 1.911 0.000
6.600 36.079 3.115 7.693 -0.000 1.869 0.000
6.700 36.857 3.115 7.878 -0.000 1.825 0.000
6.800 37.654 3.115 8.058 -0.000 1.782 0.000
6.900 38.469 3.115 8.234 -0.000 1.742 0.000
7.000 39.301 3.115 8.407 -0.000 1.707 0.000
7.100 40.150 3.115 8.576 0.000 1.679 0.000
7.200 41.016 3.115 8.743 0.000 1.661 0.000
7.300 41.899 3.115 8.908 0.000 1.654 0.000
