0.000 0.000 1.200 10.300 2.000 2.000 1.200
0.100 1.038 1.404 10.429 2.073 0.636 0.299
0.200 2.082 1.612 10.436 2.066 -0.457 -0.420
0.300 3.122 1.815 10.346 1.995 -1.307 -0.978
0.400 4.149 2.009 10.182 1.875 -1.946 -1.395
0.500 5.156 2.189 9.963 1.720 -2.403 -1.690
0.600 6.140 2.352 9.706 1.540 -2.709 -1.883
0.700 7.097 2.497 9.425 1.346 -2.894 -1.995
0.800 8.025 2.621 9.131 1.143 -2.988 -2.045
0.900 8.923 2.725 8.830 0.938 -3.021 -2.054
1.000 9.790 2.809 8.528 0.733 -3.023 -2.041
1.100 10.628 2.873 8.225 0.546 -3.023 -1.705
1.200 11.435 2.919 7.923 0.392 -3.023 -1.389
1.300 12.213 2.952 7.621 0.268 -3.023 -1.095
1.400 12.960 2.974 7.318 0.172 -3.023 -0.827
1.500 13.676 2.987 7.016 0.101 -3.022 -0.590
1.600 14.363 2.995 6.714 0.053 -3.021 -0.388
1.700 15.019 2.998 6.412 0.022 -3.020 -0.223
1.800 15.645 3.000 6.110 0.007 -3.018 -0.101
1.900 16.241 3.000 5.808 0.001 -3.017 -0.025
2.000 16.807 3.000 5.507 -0.000 -3.014 0.001
2.100 17.342 3.000 5.205 -0.000 -3.014 0.000
2.200 17.848 3.000 4.904 -0.000 -3.014 0.000
2.300 18.323 3.000 4.603 -0.000 -3.013 0.000
2.400 18.768 3.000 4.301 -0.000 -3.013 0.000
2.500 19.184 3.000 4.000 -0.000 -3.012 0.000
2.600 19.568 3.000 3.699 0.000 -3.011 0.000
2.700 19.923 3.000 3.398 0.000 -3.010 -0.000
2.800 20.248 3.000 3.097 0.000 -3.009 -0.000
2.900 20.543 3.000 2.796 0.000 -3.007 -0.000
3.000 20.807 3.000 2.495 0.000 -3.006 -0.000
3.100 21.042 3.000 2.199 0.000 -2.892 -0.000
3.200 21.248 3.000 1.924 0.000 -2.580 -0.000
3.300 21.428 3.000 1.688 0.000 -2.112 -0.000
3.400 21.587 3.000 1.505 0.000 -1.527 -0.000
3.500 21.731 3.000 1.385 0.000 -0.867 -0.000
3.600 21.866 3.000 1.333 0.000 -0.173 -0.000
3.700 22.000 3.000 1.350 0.000 0.516 0.000
3.800 22.139 3.000 1.431 0.000 1.065 -0.000
3.900 22.288 3.000 1.558 0.000 1.459 -0.000
4.000 22.451 3.000 1.718 0.000 1.723 -0.000
4.100 22.632 3.000 1.899 0.000 1.883 -0.000
4.200 22.832 3.000 2.092 0.000 1.965 -0.000
4.300 23.051 3.000 2.291 -0.000 1.996 -0.000
4.400 23.290 3.000 2.490 -0.000 2.000 -0.000
4.500 23.549 3.000 2.690 -0.000 2.000 -0.000
4.600 23.828 3.000 2.891 -0.000 2.000 -0.000
4.700 24.127 3.000 3.091 -0.000 2.000 -0.000
4.800 24.446 3.000 3.291 -0.000 2.000 -0.000
4.900 24.785 3.000 3.491 -0.000 2.000 -0.000
5.000 25.144 3.000 3.691 -0.000 2.000 -0.000
5.100 25.523 3.000 3.891 -0.000 2.000 -0.000
5.200 25.922 3.000 4.091 -0.000 2.000 -0.000
5.300 26.341 3.000 4.291 -0.000 2.000 -0.000
5.400 26.780 3.000 4.491 -0.000 2.000 -0.000
5.500 27.239 3.000 4.691 -0.000 2.000 0.000
5.600 27.718 3.000 4.891 -0.000 2.000 0.000
5.700 28.217 3.000 5.091 -0.000 2.000 0.000
5.800 28.737 3.000 5.291 -0.000 2.000 0.000
5.900 29.276 3.000 5.491 -0.000 2.000 0.000
6.000 29.835 3.000 5.691 -0.000 2.000 0.000
6.100 30.414 3.000 5.891 -0.000 2.000 0.000
6.200 31.013 3.000 6.091 -0.000 2.000 0.000
6.300 31.632 3.000 6.291 -0.000 2.000 0.000
6.400 32.271 3.000 6.491 -0.000 2.000 0.000
6.500 32.930 3.000 6.690 -0.000 1.980 0.000
6.600 33.609 3.000 6.886 -0.000 1.951 0.000
6.700 34.307 3.000 7.080 -0.000 1.917 0.000
6.800 35.025 3.000 7.270 -0.000 1.880 0.000
6.900 35.761 3.000 7.456 -0.000 1.843 0.000
7.000 36.516 3.000 7.638 -0.000 1.809 0.000
7.100 37.289 3.000 7.818 -0.000 1.781 -0.000
7.200 38.079 3.000 7.995 -0.000 1.763 0.000
7.300 38.887 3.000 8.171 -0.000 1.755 0.000
