0.000 0.000 3.500 7.310 0.000 0.000 0.000
0.100 0.732 3.500 7.330 0.006 0.348 0.117
0.200 1.467 3.502 7.377 0.023 0.585 0.216
0.300 2.208 3.505 7.444 0.049 0.726 0.297
0.400 2.956 3.512 7.519 0.082 0.778 0.363
0.500 3.712 3.522 7.597 0.121 0.751 0.414
0.600 4.475 3.536 7.667 0.164 0.653 0.451
0.700 5.245 3.554 7.725 0.210 0.491 0.477
0.800 6.019 3.578 7.764 0.259 0.276 0.492
0.900 6.797 3.606 7.779 0.309 0.014 0.497
1.000 7.574 3.640 7.765 0.358 -0.286 0.495
1.100 8.349 3.678 7.720 0.407 -0.631 0.484
1.200 9.117 3.721 7.641 0.455 -0.944 0.466
1.300 9.876 3.769 7.532 0.500 -1.234 0.442
1.400 10.623 3.821 7.395 0.543 -1.506 0.413
1.500 11.354 3.877 7.231 0.583 -1.769 0.378
1.600 12.068 3.937 7.041 0.618 -2.030 0.340
1.700 12.761 4.001 6.825 0.650 -2.296 0.298
1.800 13.432 4.067 6.581 0.678 -2.574 0.253
1.900 14.077 4.136 6.309 0.701 -2.872 0.205
2.000 14.693 4.207 6.006 0.719 -3.198 0.156
2.100 15.278 4.280 5.716 0.732 -2.615 0.106
2.200 15.838 4.354 5.480 0.740 -2.107 0.054
2.300 16.376 4.428 5.292 0.743 -1.670 0.002
2.400 16.897 4.502 5.144 0.741 -1.300 -0.050
2.500 17.406 4.576 5.030 0.733 -0.995 -0.101
2.600 17.904 4.648 4.943 0.720 -0.751 -0.152
2.700 18.395 4.720 4.878 0.703 -0.564 -0.201
2.800 18.880 4.789 4.828 0.680 -0.432 -0.248
2.900 19.361 4.856 4.790 0.653 -0.350 -0.292
3.000 19.838 4.919 4.757 0.622 -0.315 -0.334
3.100 20.313 4.980 4.726 0.587 -0.303 -0.371
3.200 20.784 5.037 4.695 0.548 -0.318 -0.405
3.300 21.252 5.089 4.662 0.506 -0.357 -0.433
3.400 21.716 5.138 4.623 0.461 -0.413 -0.457
3.500 22.176 5.181 4.579 0.415 -0.484 -0.473
3.600 22.631 5.221 4.526 0.367 -0.564 -0.482
3.700 23.081 5.255 4.466 0.319 -0.650 -0.483
3.800 23.524 5.284 4.396 0.271 -0.736 -0.475
3.900 23.960 5.309 4.319 0.224 -0.818 -0.457
4.000 24.388 5.329 4.233 0.180 -0.892 -0.428
4.100 24.806 5.345 4.141 0.139 -0.954 -0.386
4.200 25.216 5.357 4.043 0.104 -1.002 -0.323
4.300 25.615 5.366 3.940 0.074 -1.038 -0.263
4.400 26.004 5.372 3.835 0.051 -1.063 -0.207
4.500 26.382 5.376 3.728 0.033 -1.079 -0.157
4.600 26.749 5.379 3.620 0.019 -1.085 -0.112
4.700 27.106 5.380 3.511 0.010 -1.084 -0.074
4.800 27.451 5.381 3.403 0.004 -1.076 -0.042
4.900 27.786 5.381 3.296 0.001 -1.062 -0.019
5.000 28.111 5.381 3.191 0.000 -1.043 -0.005
5.100 28.425 5.381 3.088 0.000 -1.021 0.000
5.200 28.729 5.381 2.987 0.000 -0.995 0.000
5.300 29.022 5.381 2.889 0.000 -0.967 -0.000
5.400 29.306 5.381 2.794 0.000 -0.936 -0.000
5.500 29.581 5.381 2.702 0.000 -0.904 -0.000
5.600 29.847 5.381 2.613 0.000 -0.871 -0.000
5.700 30.104 5.381 2.528 0.000 -0.837 -0.000
5.800 30.352 5.381 2.446 0.000 -0.803 -0.000
5.900 30.593 5.381 2.367 0.000 -0.769 -0.000
6.000 30.826 5.381 2.292 0.000 -0.736 0.000
6.100 31.052 5.381 2.220 0.000 -0.705 -0.000
6.200 31.270 5.381 2.151 0.000 -0.675 -0.000
6.300 31.482 5.381 2.085 0.000 -0.647 -0.000
6.400 31.687 5.381 2.021 0.000 -0.622 -0.000
6.500 31.886 5.381 1.960 0.000 -0.600 -0.000
6.600 32.079 5.381 1.901 0.000 -0.581 0.000
6.700 32.267 5.381 1.844 0.000 -0.566 0.000
6.800 32.448 5.381 1.788 0.000 -0.555 0.000
6.900 32.624 5.381 1.733 0.000 -0.548 0.000
7.000 32.795 5.381 1.678 0.000 -0.545 0.000
