0.000 0.000 1.200 7.000 0.000 0.000 0.000
0.100 0.699 1.200 6.985 0.005 -0.293 0.094
0.200 1.396 1.201 6.943 0.018 -0.542 0.177
0.300 2.087 1.204 6.878 0.040 -0.752 0.248
0.400 2.771 1.209 6.794 0.068 -0.924 0.308
0.500 3.446 1.218 6.694 0.101 -1.063 0.358
0.600 4.109 1.230 6.582 0.139 -1.171 0.399
0.700 4.762 1.246 6.461 0.181 -1.251 0.431
0.800 5.401 1.266 6.333 0.225 -1.307 0.455
0.900 6.028 1.291 6.200 0.271 -1.342 0.471
1.000 6.641 1.320 6.065 0.319 -1.358 0.481
1.100 7.241 1.355 5.929 0.367 -1.356 0.483
1.200 7.827 1.394 5.794 0.415 -1.338 0.479
1.300 8.400 1.438 5.662 0.463 -1.306 0.469
1.400 8.960 1.486 5.534 0.509 -1.262 0.453
1.500 9.507 1.539 5.410 0.553 -1.206 0.432
1.600 10.042 1.597 5.293 0.595 -1.140 0.405
1.700 10.566 1.658 5.182 0.634 -1.065 0.374
1.800 11.079 1.724 5.080 0.670 -0.982 0.337
1.900 11.582 1.792 4.986 0.701 -0.893 0.296
2.000 12.076 1.864 4.902 0.729 -0.798 0.250
2.100 12.563 1.938 4.827 0.751 -0.698 0.200
2.200 13.042 2.014 4.762 0.769 -0.593 0.147
2.300 13.515 2.091 4.708 0.781 -0.485 0.090
2.400 13.984 2.170 4.665 0.787 -0.373 0.030
2.500 14.449 2.248 4.634 0.787 -0.259 -0.031
2.600 14.911 2.327 4.614 0.780 -0.143 -0.093
2.700 15.372 2.404 4.605 0.768 -0.026 -0.156
2.800 15.833 2.480 4.609 0.749 0.092 -0.218
2.900 16.294 2.554 4.624 0.724 0.211 -0.280
3.000 16.758 2.625 4.651 0.693 0.329 -0.340
3.100 17.225 2.692 4.689 0.656 0.447 -0.396
3.200 17.696 2.756 4.740 0.614 0.563 -0.446
3.300 18.173 2.815 4.802 0.567 0.678 -0.489
3.400 18.657 2.869 4.876 0.517 0.791 -0.522
3.500 19.149 2.918 4.960 0.463 0.900 -0.543
3.600 19.649 2.962 5.056 0.409 1.006 -0.550
3.700 20.160 3.000 5.161 0.354 1.108 -0.540
3.800 20.682 3.033 5.277 0.302 1.204 -0.502
3.900 21.216 3.061 5.402 0.254 1.295 -0.449
4.000 21.763 3.084 5.536 0.212 1.379 -0.389
4.100 22.323 3.103 5.677 0.176 1.454 -0.331
4.200 22.898 3.119 5.826 0.146 1.521 -0.284
4.300 23.489 3.133 5.981 0.119 1.577 -0.255
4.400 24.095 3.143 6.141 0.094 1.622 -0.253
4.500 24.717 3.151 6.305 0.070 1.655 -0.216
4.600 25.356 3.157 6.472 0.051 1.675 -0.177
4.700 26.011 3.162 6.640 0.035 1.685 -0.142
4.800 26.684 3.164 6.809 0.022 1.685 -0.110
4.900 27.373 3.166 6.977 0.013 1.677 -0.081
5.000 28.079 3.167 7.144 0.006 1.662 -0.056
5.100 28.802 3.167 7.309 0.001 1.640 -0.035
5.200 29.541 3.167 7.472 -0.001 1.613 -0.018
5.300 30.296 3.167 7.631 -0.002 1.581 -0.005
5.400 31.067 3.167 7.788 -0.002 1.545 0.004
5.500 31.853 3.167 7.940 -0.002 1.507 0.007
5.600 32.655 3.167 8.089 -0.001 1.465 0.006
5.700 33.471 3.167 8.233 -0.000 1.421 0.005
5.800 34.301 3.167 8.373 -0.000 1.375 0.004
5.900 35.146 3.167 8.508 0.000 1.328 0.002
6.000 36.003 3.167 8.639 0.000 1.279 0.001
6.100 36.873 3.167 8.764 0.000 1.230 -0.000
6.200 37.756 3.167 8.885 0.000 1.180 -0.001
6.300 38.650 3.167 9.000 0.000 1.131 -0.001
6.400 39.555 3.167 9.111 0.000 1.082 -0.000
6.500 40.472 3.167 9.217 0.000 1.034 0.001
6.600 41.399 3.167 9.318 0.000 0.988 -0.000
6.700 42.335 3.167 9.414 0.000 0.945 -0.001
6.800 43.281 3.167 9.507 0.000 0.905 -0.002
6.900 44.237 3.167 9.596 -0.000 0.868 -0.001
7.000 45.200 3.167 9.681 -0.000 0.837 -0.000
7.100 46.173 3.167 9.763 -0.000 0.811 0.001
7.200 47.153 3.167 9.843 0.000 0.791 0.003
7.300 48.141 3.167 9.922 0.001 0.779 0.006
7.400 49.137 3.167 9.999 0.001 0.774 0.009
