0.000 0.000 1.200 9.000 1.700 0.000 0.200
0.100 0.899 1.370 8.972 1.701 -0.542 -0.174
0.200 1.793 1.539 8.895 1.668 -0.976 -0.471
0.300 2.677 1.703 8.780 1.609 -1.314 -0.701
0.400 3.548 1.860 8.635 1.530 -1.568 -0.870
0.500 4.403 2.008 8.469 1.436 -1.750 -0.989
0.600 5.241 2.147 8.287 1.333 -1.872 -1.064
0.700 6.060 2.275 8.096 1.225 -1.946 -1.104
0.800 6.860 2.392 7.899 1.113 -1.984 -1.116
0.900 7.640 2.498 7.700 1.002 -1.998 -1.110
1.000 8.400 2.592 7.500 0.892 -2.000 -1.093
1.100 9.140 2.676 7.300 0.783 -2.000 -1.085
1.200 9.860 2.749 7.100 0.675 -2.000 -1.072
1.300 10.560 2.811 6.900 0.569 -2.000 -1.048
1.400 11.240 2.863 6.700 0.466 -2.000 -1.010
1.500 11.900 2.904 6.500 0.367 -2.000 -0.952
1.600 12.540 2.937 6.300 0.276 -2.000 -0.869
1.700 13.160 2.960 6.100 0.195 -2.000 -0.755
1.800 13.760 2.976 5.900 0.126 -2.000 -0.607
1.900 14.340 2.986 5.700 0.075 -2.000 -0.418
2.000 14.900 2.992 5.500 0.044 -2.000 -0.184
2.100 15.440 2.995 5.300 0.028 -2.000 -0.132
2.200 15.960 2.997 5.100 0.017 -1.997 -0.091
2.300 16.460 2.999 4.901 0.010 -1.989 -0.060
2.400 16.940 2.999 4.702 0.005 -1.975 -0.037
2.500 17.401 3.000 4.506 0.002 -1.951 -0.020
2.600 17.841 3.000 4.313 0.001 -1.915 -0.010
2.700 18.263 3.000 4.124 0.000 -1.865 -0.004
2.800 18.666 3.000 3.940 0.000 -1.798 -0.001
2.900 19.052 3.000 3.765 0.000 -1.712 -0.000
3.000 19.420 3.000 3.599 0.000 -1.605 -0.000
3.100 19.772 3.000 3.449 0.000 -1.388 -0.000
3.200 20.110 3.000 3.322 0.000 -1.142 -0.000
3.300 20.437 3.000 3.221 0.000 -0.873 -0.000
3.400 20.755 3.000 3.148 0.000 -0.586 -0.000
3.500 21.068 3.000 3.104 0.000 -0.287 0.000
3.600 21.377 3.000 3.091 0.000 0.017 0.000
3.700 21.687 3.000 3.108 0.000 0.321 0.000
3.800 22.000 3.000 3.155 0.000 0.619 -0.000
3.900 22.319 3.000 3.231 0.000 0.907 -0.000
4.000 22.647 3.000 3.336 0.000 1.178 -0.000
4.100 22.987 3.000 3.466 0.000 1.425 -0.000
4.200 23.341 3.000 3.620 0.000 1.643 -0.000
4.300 23.711 3.000 3.793 -0.000 1.825 -0.000
4.400 24.100 3.000 3.983 -0.000 1.965 -0.000
4.500 24.508 3.000 4.180 -0.000 1.975 -0.000
4.600 24.936 3.000 4.378 -0.000 1.982 -0.000
4.700 25.384 3.000 4.577 -0.000 1.988 -0.000
4.800 25.851 3.000 4.776 -0.000 1.993 -0.000
4.900 26.339 3.000 4.975 -0.000 1.996 -0.000
5.000 26.846 3.000 5.175 -0.000 1.998 -0.000
5.100 27.374 3.000 5.375 -0.000 1.999 -0.000
5.200 27.921 3.000 5.575 -0.000 2.000 -0.000
5.300 28.489 3.000 5.775 -0.000 2.000 -0.000
5.400 29.076 3.000 5.975 -0.000 2.000 -0.000
5.500 29.684 3.000 6.175 -0.000 2.000 0.000
5.600 30.311 3.000 6.375 -0.000 1.999 0.000
5.700 30.959 3.000 6.574 -0.000 1.995 0.000
5.800 31.626 3.000 6.773 -0.000 1.988 0.000
5.900 32.313 3.000 6.972 -0.000 1.977 0.000
6.000 33.020 3.000 7.169 -0.000 1.961 0.000
6.100 33.747 3.000 7.364 -0.000 1.937 0.000
6.200 34.493 3.000 7.556 -0.000 1.907 0.000
6.300 35.258 3.000 7.745 -0.000 1.867 0.000
6.400 36.042 3.000 7.929 -0.000 1.818 0.000
6.500 36.844 3.000 8.108 -0.000 1.771 0.000
6.600 37.663 3.000 8.283 -0.000 1.723 0.000
6.700 38.500 3.000 8.453 -0.000 1.677 0.000
6.800 39.354 3.000 8.619 -0.000 1.633 0.000
6.900 40.224 3.000 8.780 -0.000 1.594 0.000
7.000 41.110 3.000 8.938 -0.000 1.561 0.000
7.100 42.011 3.000 9.092 -0.000 1.534 -0.000
7.200 42.928 3.000 9.245 -0.000 1.517 0.000
7.300 43.860 3.000 9.396 -0.000 1.511 0.000
