0.000 0.000 1.200 7.000 0.000 0.000 0.000
0.100 0.700 1.200 6.990 0.004 -0.196 0.073
0.200 1.397 1.201 6.961 0.014 -0.371 0.139
0.300 2.091 1.203 6.917 0.031 -0.524 0.198
0.400 2.780 1.207 6.857 0.054 -0.657 0.249
0.500 3.462 1.214 6.786 0.081 -0.770 0.293
0.600 4.137 1.224 6.704 0.112 -0.864 0.331
0.700 4.803 1.237 6.614 0.147 -0.940 0.362
0.800 5.460 1.253 6.517 0.184 -0.998 0.388
0.900 6.106 1.274 6.415 0.224 -1.041 0.408
1.000 6.742 1.298 6.309 0.266 -1.067 0.422
1.100 7.368 1.327 6.202 0.309 -1.078 0.432
1.200 7.983 1.360 6.094 0.352 -1.075 0.436
1.300 8.587 1.397 5.987 0.396 -1.059 0.436
1.400 9.180 1.439 5.883 0.439 -1.030 0.432
1.500 9.763 1.485 5.781 0.482 -0.989 0.424
1.600 10.337 1.535 5.685 0.524 -0.937 0.412
1.700 10.901 1.590 5.594 0.564 -0.875 0.397
1.800 11.456 1.648 5.510 0.603 -0.804 0.379
1.900 12.003 1.710 5.434 0.640 -0.723 0.358
2.000 12.543 1.776 5.366 0.675 -0.635 0.335
2.100 13.076 1.845 5.307 0.707 -0.539 0.310
2.200 13.605 1.917 5.258 0.737 -0.438 0.282
2.300 14.128 1.992 5.220 0.763 -0.330 0.253
2.400 14.649 2.070 5.192 0.787 -0.218 0.223
2.500 15.167 2.150 5.176 0.808 -0.102 0.192
2.600 15.685 2.231 5.172 0.826 0.018 0.159
2.700 16.202 2.315 5.180 0.840 0.140 0.127
2.800 16.721 2.399 5.200 0.851 0.263 0.094
2.900 17.242 2.485 5.233 0.859 0.388 0.062
3.000 17.768 2.571 5.278 0.863 0.513 0.030
3.100 18.298 2.657 5.335 0.865 0.637 -0.001
3.200 18.835 2.744 5.405 0.863 0.759 -0.032
3.300 19.380 2.830 5.487 0.858 0.879 -0.061
3.400 19.933 2.915 5.581 0.851 0.997 -0.088
3.500 20.496 3.000 5.686 0.841 1.110 -0.113
3.600 21.071 3.083 5.803 0.828 1.219 -0.137
3.700 21.657 3.166 5.930 0.814 1.322 -0.158
3.800 22.257 3.246 6.067 0.797 1.420 -0.177
3.900 22.871 3.325 6.213 0.778 1.510 -0.194
4.000 23.500 3.402 6.369 0.758 1.593 -0.210
4.100 24.145 3.477 6.532 0.737 1.668 -0.223
4.200 24.807 3.549 6.702 0.714 1.734 -0.235
4.300 25.486 3.619 6.878 0.690 1.792 -0.246
4.400 26.182 3.687 7.060 0.665 1.842 -0.254
4.500 26.898 3.752 7.246 0.639 1.885 -0.262
4.600 27.632 3.815 7.437 0.612 1.921 -0.268
4.700 28.385 3.875 7.630 0.585 1.950 -0.273
4.800 29.158 3.932 7.827 0.558 1.974 -0.277
4.900 29.951 3.986 8.025 0.530 1.993 -0.279
5.000 30.763 4.038 8.225 0.502 2.006 -0.281
5.100 31.596 4.086 8.426 0.474 2.003 -0.282
5.200 32.448 4.132 8.626 0.445 2.000 -0.282
5.300 33.321 4.175 8.826 0.417 1.997 -0.281
5.400 34.213 4.216 9.025 0.389 1.996 -0.280
5.500 35.126 4.253 9.225 0.361 1.995 -0.278
5.600 36.058 4.288 9.424 0.334 1.995 -0.276
5.700 37.011 4.320 9.624 0.306 1.996 -0.273
5.800 37.983 4.349 9.823 0.279 1.998 -0.270
5.900 38.975 4.376 10.023 0.252 2.002 -0.267
6.000 39.988 4.400 10.224 0.226 2.007 -0.263
6.100 41.020 4.421 10.424 0.200 2.005 -0.260
6.200 42.073 4.440 10.625 0.174 2.003 -0.257
6.300 43.145 4.456 10.825 0.148 2.002 -0.254
6.400 44.238 4.469 11.025 0.123 2.000 -0.251
6.500 45.350 4.480 11.225 0.098 2.000 -0.248
6.600 46.483 4.489 11.425 0.073 1.999 -0.246
6.700 47.635 4.495 11.625 0.049 1.998 -0.245
6.800 48.808 4.499 11.825 0.024 1.998 -0.244
6.900 50.000 4.500 12.024 -0.000 1.997 -0.243
