0.000 0.000 0.220 6.760 -0.270 0.000 0.000
0.100 0.676 0.193 6.761 -0.270 0.025 0.015
0.200 1.352 0.166 6.765 -0.268 0.047 0.028
0.300 2.029 0.140 6.771 -0.264 0.067 0.039
0.400 2.707 0.113 6.778 -0.260 0.083 0.049
0.500 3.385 0.088 6.787 -0.254 0.097 0.058
0.600 4.064 0.062 6.798 -0.248 0.109 0.065
0.700 4.744 0.038 6.809 -0.241 0.119 0.071
0.800 5.426 0.014 6.821 -0.234 0.127 0.077
0.900 6.109 -0.009 6.834 -0.226 0.134 0.081
1.000 6.793 -0.031 6.848 -0.218 0.140 0.085
1.100 7.478 -0.052 6.862 -0.209 0.144 0.088
1.200 8.165 -0.073 6.877 -0.200 0.147 0.090
1.300 8.854 -0.092 6.892 -0.191 0.149 0.092
1.400 9.544 -0.111 6.907 -0.182 0.151 0.093
1.500 10.235 -0.129 6.922 -0.172 0.152 0.094
1.600 10.928 -0.146 6.937 -0.163 0.152 0.095
1.700 11.622 -0.161 6.952 -0.153 0.151 0.095
1.800 12.318 -0.176 6.967 -0.144 0.150 0.095
1.900 13.016 -0.190 6.982 -0.135 0.149 0.094
2.000 13.715 -0.203 6.997 -0.125 0.147 0.093
2.100 14.415 -0.215 7.012 -0.116 0.145 0.092
2.200 15.117 -0.226 7.026 -0.107 0.143 0.091
2.300 15.820 -0.237 7.040 -0.098 0.141 0.090
2.400 16.525 -0.246 7.054 -0.089 0.138 0.088
2.500 17.231 -0.254 7.068 -0.080 0.136 0.087
2.600 17.939 -0.262 7.081 -0.071 0.133 0.085
2.700 18.647 -0.269 7.094 -0.063 0.130 0.083
2.800 19.357 -0.275 7.107 -0.055 0.127 0.081
2.900 20.069 -0.280 7.120 -0.047 0.124 0.079
3.000 20.781 -0.284 7.132 -0.039 0.121 0.077
3.100 21.495 -0.287 7.144 -0.031 0.118 0.075
3.200 22.210 -0.290 7.156 -0.024 0.116 0.073
3.300 22.926 -0.292 7.167 -0.017 0.113 0.071
3.400 23.644 -0.294 7.178 -0.010 0.110 0.069
3.500 24.362 -0.294 7.189 -0.003 0.107 0.066
3.600 25.082 -0.294 7.200 0.003 0.104 0.064
3.700 25.802 -0.294 7.210 0.010 0.101 0.062
3.800 26.524 -0.292 7.220 0.016 0.098 0.060
3.900 27.246 -0.290 7.230 0.022 0.096 0.058
4.000 27.970 -0.288 7.239 0.027 0.093 0.056
4.100 28.694 -0.285 7.248 0.033 0.090 0.054
4.200 29.419 -0.281 7.257 0.038 0.088 0.052
4.300 30.145 -0.277 7.266 0.043 0.085 0.050
4.400 30.872 -0.273 7.274 0.048 0.083 0.048
4.500 31.600 -0.268 7.282 0.053 0.080 0.046
4.600 32.329 -0.262 7.290 0.058 0.078 0.045
4.700 33.058 -0.256 7.298 0.062 0.075 0.043
4.800 33.788 -0.250 7.305 0.066 0.073 0.041
4.900 34.519 -0.243 7.313 0.070 0.071 0.040
5.000 35.251 -0.236 7.320 0.074 0.069 0.038
5.100 35.983 -0.228 7.326 0.078 0.066 0.036
5.200 36.716 -0.220 7.333 0.081 0.064 0.035
5.300 37.450 -0.212 7.339 0.085 0.062 0.034
5.400 38.184 -0.203 7.345 0.088 0.060 0.032
5.500 38.919 -0.194 7.351 0.091 0.058 0.031
5.600 39.654 -0.185 7.357 0.094 0.056 0.030
5.700 40.390 -0.175 7.362 0.097 0.054 0.029
5.800 41.127 -0.166 7.367 0.100 0.052 0.027
5.900 41.864 -0.155 7.373 0.103 0.050 0.026
6.000 42.601 -0.145 7.377 0.105 0.048 0.025
6.100 43.339 -0.134 7.382 0.108 0.046 0.024
6.200 44.078 -0.124 7.387 0.110 0.045 0.024
6.300 44.816 -0.112 7.391 0.112 0.043 0.023
6.400 45.556 -0.101 7.395 0.115 0.042 0.022
6.500 46.295 -0.089 7.399 0.117 0.040 0.022
6.600 47.036 -0.078 7.403 0.119 0.039 0.021
6.700 47.776 -0.066 7.407 0.121 0.038 0.021
6.800 48.517 -0.053 7.411 0.123 0.038 0.021
6.900 49.258 -0.041 7.415 0.125 0.037 0.020
7.000 50.000 -0.028 7.419 0.127 0.037 0.020
