0.000 0.000 1.200 10.300 2.000 2.000 1.200
0.100 1.038 1.404 10.429 2.073 0.635 0.300
0.200 2.082 1.612 10.436 2.066 -0.458 -0.420
0.300 3.122 1.815 10.346 1.995 -1.308 -0.978
0.400 4.148 2.009 10.181 1.875 -1.947 -1.394
0.500 5.156 2.189 9.962 1.720 -2.405 -1.690
0.600 6.140 2.352 9.706 1.541 -2.711 -1.883
0.700 7.096 2.497 9.424 1.346 -2.896 -1.996
0.800 8.024 2.621 9.129 1.143 -2.989 -2.046
0.900 8.922 2.726 8.828 0.938 -3.022 -2.055
1.000 9.790 2.809 8.526 0.733 -3.025 -2.041
1.100 10.627 2.873 8.223 0.546 -3.025 -1.706
1.200 11.434 2.919 7.921 0.391 -3.025 -1.389
1.300 12.211 2.952 7.618 0.268 -3.025 -1.094
1.400 12.958 2.974 7.316 0.172 -3.024 -0.827
1.500 13.675 2.987 7.014 0.101 -3.023 -0.590
1.600 14.361 2.995 6.711 0.053 -3.022 -0.387
1.700 15.017 2.998 6.409 0.022 -3.021 -0.223
1.800 15.643 3.000 6.107 0.007 -3.020 -0.101
1.900 16.238 3.000 5.805 0.001 -3.018 -0.025
2.000 16.804 3.000 5.504 -0.000 -3.016 0.001
2.100 17.339 3.000 5.202 -0.000 -3.015 0.000
2.200 17.844 3.000 4.901 -0.000 -3.015 0.000
2.300 18.319 3.000 4.599 -0.000 -3.014 0.000
2.400 18.764 3.000 4.298 -0.000 -3.013 0.000
2.500 19.179 3.000 3.996 -0.000 -3.013 0.000
2.600 19.563 3.000 3.695 0.000 -3.012 0.000
2.700 19.918 3.000 3.394 0.000 -3.011 -0.000
2.800 20.242 3.000 3.093 0.000 -3.009 -0.000
2.900 20.536 3.000 2.792 0.000 -3.008 -0.000
3.000 20.801 3.000 2.492 0.000 -3.006 -0.000
3.100 21.035 3.000 2.195 0.000 -2.883 -0.000
3.200 21.240 3.000 1.922 0.000 -2.550 -0.000
3.300 21.421 3.000 1.691 0.000 -2.055 -0.000
3.400 21.580 3.000 1.515 0.000 -1.447 -0.000
3.500 21.726 3.000 1.403 0.000 -0.775 -0.000
3.600 21.863 3.000 1.360 0.000 -0.088 -0.000
3.700 22.000 3.000 1.385 0.000 0.566 -0.000
3.800 22.142 3.000 1.469 0.002 1.097 0.032
3.900 22.295 3.000 1.599 0.006 1.477 0.061
4.000 22.463 3.001 1.760 0.014 1.732 0.087
4.100 22.648 3.003 1.942 0.024 1.887 0.109
4.200 22.852 3.006 2.135 0.035 1.966 0.128
4.300 23.075 3.010 2.333 0.049 1.996 0.145
4.400 23.319 3.016 2.533 0.064 2.000 0.159
4.500 23.582 3.023 2.733 0.081 2.000 0.172
4.600 23.865 3.032 2.933 0.099 2.000 0.182
4.700 24.169 3.043 3.133 0.117 2.000 0.190
4.800 24.492 3.056 3.333 0.137 2.000 0.197
4.900 24.835 3.070 3.533 0.157 2.000 0.202
5.000 25.199 3.087 3.733 0.177 2.000 0.206
5.100 25.582 3.106 3.933 0.198 2.000 0.208
5.200 25.985 3.127 4.133 0.219 2.000 0.209
5.300 26.409 3.150 4.333 0.239 2.000 0.210
5.400 26.852 3.175 4.533 0.260 2.000 0.209
5.500 27.315 3.202 4.733 0.281 2.000 0.208
5.600 27.799 3.231 4.933 0.302 2.000 0.206
5.700 28.302 3.262 5.134 0.322 2.000 0.203
5.800 28.825 3.295 5.334 0.342 2.000 0.200
5.900 29.369 3.330 5.534 0.362 2.000 0.196
6.000 29.932 3.368 5.734 0.382 2.000 0.192
6.100 30.515 3.407 5.934 0.401 2.000 0.188
6.200 31.119 3.448 6.134 0.419 2.000 0.184
6.300 31.742 3.491 6.334 0.437 2.000 0.179
6.400 32.386 3.535 6.534 0.455 2.000 0.175
6.500 33.049 3.582 6.733 0.472 1.979 0.170
6.600 33.732 3.630 6.929 0.489 1.949 0.166
6.700 34.435 3.679 7.122 0.506 1.914 0.162
6.800 35.156 3.731 7.312 0.522 1.876 0.159
6.900 35.897 3.784 7.497 0.537 1.839 0.156
7.000 36.656 3.838 7.680 0.553 1.805 0.153
7.100 37.433 3.894 7.859 0.568 1.778 0.151
7.200 38.227 3.952 8.035 0.583 1.759 0.150
7.300 39.040 4.011 8.211 0.598 1.752 0.149
