0.000 0.000 0.220 5.140 -0.206 0.000 0.000
0.100 0.514 0.200 5.138 -0.203 -0.035 0.047
0.200 1.028 0.179 5.133 -0.197 -0.070 0.087
0.300 1.540 0.160 5.125 -0.186 -0.101 0.123
0.400 2.052 0.142 5.113 -0.172 -0.127 0.153
0.500 2.563 0.126 5.099 -0.156 -0.149 0.178
0.600 3.072 0.111 5.083 -0.137 -0.168 0.199
0.700 3.580 0.099 5.066 -0.116 -0.184 0.217
0.800 4.085 0.088 5.047 -0.093 -0.197 0.231
0.900 4.589 0.080 5.027 -0.070 -0.207 0.242
1.000 5.091 0.074 5.005 -0.045 -0.216 0.250
1.100 5.590 0.071 4.984 -0.020 -0.219 0.256
1.200 6.087 0.070 4.962 0.006 -0.224 0.260
1.300 6.582 0.072 4.939 0.032 -0.228 0.262
1.400 7.075 0.077 4.916 0.058 -0.230 0.263
1.500 7.566 0.084 4.893 0.085 -0.230 0.261
1.600 8.054 0.094 4.870 0.111 -0.230 0.259
1.700 8.540 0.106 4.847 0.136 -0.229 0.255
1.800 9.023 0.121 4.825 0.162 -0.227 0.250
1.900 9.505 0.138 4.802 0.186 -0.224 0.245
2.000 9.984 0.158 4.780 0.211 -0.220 0.239
2.100 10.461 0.180 4.758 0.234 -0.216 0.232
2.200 10.935 0.205 4.737 0.257 -0.211 0.224
2.300 11.408 0.232 4.716 0.279 -0.207 0.216
2.400 11.879 0.261 4.695 0.300 -0.202 0.208
2.500 12.347 0.292 4.675 0.320 -0.196 0.199
2.600 12.814 0.325 4.656 0.340 -0.191 0.190
2.700 13.278 0.360 4.637 0.358 -0.185 0.181
2.800 13.741 0.396 4.619 0.376 -0.179 0.172
2.900 14.202 0.435 4.601 0.393 -0.173 0.162
3.000 14.661 0.475 4.584 0.409 -0.167 0.152
3.100 15.119 0.517 4.568 0.423 -0.162 0.142
3.200 15.575 0.560 4.552 0.437 -0.156 0.132
3.300 16.030 0.604 4.537 0.450 -0.150 0.122
3.400 16.482 0.649 4.522 0.461 -0.143 0.112
3.500 16.934 0.696 4.508 0.472 -0.137 0.102
3.600 17.384 0.744 4.495 0.482 -0.131 0.091
3.700 17.833 0.792 4.482 0.490 -0.125 0.081
3.800 18.280 0.842 4.470 0.498 -0.119 0.070
3.900 18.727 0.892 4.458 0.504 -0.113 0.059
4.000 19.172 0.943 4.447 0.510 -0.107 0.049
4.100 19.616 0.994 4.437 0.514 -0.102 0.038
4.200 20.059 1.046 4.427 0.517 -0.096 0.027
4.300 20.502 1.097 4.417 0.519 -0.090 0.016
4.400 20.943 1.149 4.409 0.520 -0.084 0.004
4.500 21.383 1.201 4.401 0.520 -0.078 -0.007
4.600 21.823 1.253 4.393 0.519 -0.072 -0.019
4.700 22.262 1.305 4.386 0.517 -0.066 -0.030
4.800 22.700 1.357 4.380 0.513 -0.060 -0.042
4.900 23.138 1.408 4.374 0.508 -0.055 -0.054
5.000 23.575 1.458 4.369 0.502 -0.049 -0.066
5.100 24.012 1.508 4.364 0.495 -0.044 -0.079
5.200 24.448 1.557 4.360 0.486 -0.038 -0.091
5.300 24.884 1.605 4.357 0.477 -0.032 -0.104
5.400 25.320 1.652 4.354 0.466 -0.027 -0.116
5.500 25.755 1.698 4.351 0.453 -0.021 -0.129
5.600 26.190 1.743 4.350 0.440 -0.015 -0.141
5.700 26.625 1.786 4.348 0.425 -0.010 -0.154
5.800 27.059 1.828 4.348 0.409 -0.004 -0.166
5.900 27.494 1.868 4.347 0.392 0.001 -0.179
6.000 27.929 1.906 4.348 0.373 0.007 -0.191
6.100 28.364 1.943 4.349 0.354 0.011 -0.202
6.200 28.799 1.977 4.350 0.333 0.017 -0.214
6.300 29.234 2.009 4.352 0.311 0.022 -0.224
6.400 29.669 2.039 4.355 0.288 0.027 -0.235
6.500 30.105 2.067 4.357 0.264 0.032 -0.244
6.600 30.541 2.092 4.361 0.239 0.036 -0.252
6.700 30.977 2.115 4.365 0.214 0.041 -0.259
6.800 31.414 2.135 4.369 0.187 0.045 -0.265
6.900 31.851 2.152 4.374 0.161 0.049 -0.270
7.000 32.288 2.167 4.379 0.134 0.052 -0.272
7.100 32.727 2.179 4.384 0.106 0.055 -0.273
7.200 33.165 2.188 4.390 0.079 0.058 -0.272
7.300 33.605 2.194 4.396 0.052 0.060 -0.270
7.400 34.044 2.198 4.402 0.025 0.061 -0.266
7.500 34.485 2.200 4.408 -0.001 0.062 -0.263
7.600 34.926 2.198 4.414 -0.027 0.063 -0.259
7.700 35.368 2.194 4.421 -0.053 0.063 -0.256
7.800 35.810 2.187 4.427 -0.079 0.063 -0.253
7.900 36.253 2.178 4.433 -0.104 0.063 -0.251
8.000 36.697 2.167 4.439 -0.129 0.062 -0.250
