0.000 0.000 2.000 4.000 0.000 0.000 0.000
0.100 0.401 2.000 4.038 0.000 0.733 0.000
0.200 0.810 2.000 4.143 0.000 1.340 0.000
0.300 1.232 2.000 4.302 0.000 1.834 0.000
0.400 1.672 2.000 4.506 0.000 2.223 0.000
0.500 2.134 2.000 4.744 0.000 2.519 0.001
0.600 2.621 2.000 5.007 0.000 2.729 0.001
0.700 3.136 2.000 5.287 0.000 2.865 0.001
0.800 3.679 2.000 5.578 0.000 2.935 0.002
0.900 4.252 2.000 5.872 0.001 2.950 0.003
1.000 4.854 2.000 6.166 0.001 2.919 0.004
1.100 5.485 2.000 6.455 0.002 2.855 0.008
1.200 6.144 2.001 6.738 0.003 2.797 0.014
1.300 6.832 2.001 7.015 0.004 2.745 0.020
1.400 7.547 2.001 7.287 0.007 2.697 0.027
1.500 8.289 2.002 7.554 0.010 2.652 0.035
1.600 9.058 2.003 7.817 0.014 2.609 0.043
1.700 9.853 2.005 8.076 0.018 2.568 0.051
1.800 10.673 2.007 8.331 0.024 2.526 0.060
1.900 11.519 2.010 8.581 0.030 2.483 0.069
2.000 12.389 2.013 8.827 0.038 2.437 0.078
2.100 13.284 2.017 9.065 0.046 2.303 0.088
2.200 14.201 2.022 9.285 0.055 2.088 0.097
2.300 15.140 2.028 9.480 0.065 1.803 0.105
2.400 16.096 2.035 9.644 0.076 1.460 0.114
2.500 17.068 2.044 9.771 0.088 1.070 0.122
2.600 18.049 2.053 9.857 0.101 0.645 0.130
2.700 19.037 2.064 9.899 0.114 0.197 0.137
2.800 20.028 2.076 9.896 0.128 -0.264 0.143
2.900 21.015 2.089 9.846 0.143 -0.725 0.148
3.000 21.995 2.104 9.751 0.158 -1.175 0.153
3.100 22.964 2.121 9.625 0.173 -1.350 0.156
3.200 23.920 2.139 9.482 0.189 -1.492 0.158
3.300 24.860 2.159 9.327 0.204 -1.606 0.158
3.400 25.785 2.180 9.162 0.220 -1.693 0.158
3.500 26.692 2.203 8.989 0.236 -1.760 0.155
3.600 27.582 2.227 8.811 0.251 -1.808 0.151
3.700 28.454 2.253 8.628 0.266 -1.843 0.145
3.800 29.308 2.280 8.442 0.280 -1.868 0.138
3.900 30.143 2.309 8.255 0.294 -1.886 0.128
4.000 30.959 2.339 8.065 0.306 -1.902 0.117
4.100 31.756 2.370 7.875 0.317 -1.912 0.103
4.200 32.534 2.402 7.683 0.326 -1.920 0.088
4.300 33.292 2.435 7.491 0.334 -1.927 0.070
4.400 34.032 2.469 7.298 0.340 -1.933 0.050
4.500 34.752 2.503 7.104 0.344 -1.937 0.029
4.600 35.453 2.538 6.910 0.346 -1.941 0.006
4.700 36.134 2.572 6.716 0.345 -1.944 -0.018
4.800 36.796 2.607 6.522 0.342 -1.946 -0.044
4.900 37.438 2.641 6.327 0.337 -1.948 -0.071
5.000 38.061 2.674 6.132 0.328 -1.949 -0.098
5.100 38.665 2.706 5.937 0.317 -1.948 -0.125
5.200 39.249 2.737 5.743 0.303 -1.928 -0.153
5.300 39.813 2.767 5.552 0.286 -1.891 -0.179
5.400 40.359 2.795 5.365 0.267 -1.837 -0.204
5.500 40.887 2.820 5.185 0.246 -1.769 -0.226
5.600 41.396 2.844 5.012 0.222 -1.688 -0.245
5.700 41.889 2.865 4.848 0.197 -1.596 -0.259
5.800 42.366 2.883 4.693 0.171 -1.494 -0.266
5.900 42.828 2.899 4.549 0.144 -1.383 -0.267
6.000 43.276 2.912 4.417 0.117 -1.266 -0.261
6.100 43.712 2.922 4.294 0.092 -1.181 -0.243
6.200 44.135 2.930 4.180 0.069 -1.099 -0.215
6.300 44.548 2.936 4.074 0.049 -1.029 -0.182
6.400 44.950 2.940 3.974 0.033 -0.970 -0.146
6.500 45.343 2.943 3.880 0.020 -0.921 -0.109
6.600 45.727 2.944 3.789 0.011 -0.883 -0.075
6.700 46.101 2.945 3.703 0.005 -0.854 -0.043
6.800 46.467 2.945 3.618 0.002 -0.835 -0.018
6.900 46.825 2.946 3.535 0.001 -0.823 -0.001
7.000 47.174 2.946 3.453 0.001 -0.820 0.006
