0.000 0.000 2.000 5.000 0.000 0.000 0.000
0.100 0.501 2.000 5.026 0.000 0.500 0.007
0.200 1.007 2.000 5.097 0.001 0.909 0.014
0.300 1.521 2.000 5.205 0.003 1.235 0.021
0.400 2.049 2.001 5.342 0.006 1.488 0.027
0.500 2.591 2.001 5.500 0.009 1.678 0.033
0.600 3.149 2.002 5.675 0.012 1.812 0.038
0.700 3.726 2.004 5.861 0.016 1.901 0.044
0.800 4.322 2.006 6.054 0.021 1.953 0.049
0.900 4.937 2.008 6.251 0.026 1.977 0.054
1.000 5.572 2.011 6.449 0.032 1.982 0.058
1.100 6.227 2.014 6.647 0.038 1.982 0.062
1.200 6.901 2.018 6.845 0.044 1.980 0.066
1.300 7.596 2.023 7.043 0.051 1.975 0.070
1.400 8.310 2.029 7.240 0.058 1.965 0.073
1.500 9.044 2.035 7.436 0.066 1.950 0.077
1.600 9.797 2.042 7.630 0.073 1.928 0.080
1.700 10.570 2.050 7.821 0.081 1.897 0.082
1.800 11.361 2.058 8.009 0.090 1.855 0.085
1.900 12.171 2.067 8.192 0.098 1.802 0.087
2.000 12.999 2.078 8.369 0.107 1.736 0.089
2.100 13.845 2.089 8.537 0.116 1.620 0.091
2.200 14.706 2.101 8.692 0.126 1.487 0.093
2.300 15.583 2.114 8.834 0.135 1.341 0.094
2.400 16.472 2.128 8.960 0.144 1.183 0.096
2.500 17.374 2.143 9.070 0.154 1.016 0.097
2.600 18.286 2.159 9.163 0.164 0.844 0.098
2.700 19.206 2.176 9.239 0.174 0.669 0.098
2.800 20.133 2.194 9.297 0.183 0.495 0.099
2.900 21.065 2.212 9.338 0.193 0.322 0.100
3.000 22.000 2.232 9.362 0.203 0.156 0.100
3.100 22.937 2.253 9.369 0.213 -0.003 0.100
3.200 23.873 2.275 9.361 0.223 -0.154 0.100
3.300 24.809 2.298 9.339 0.233 -0.297 0.100
3.400 25.741 2.322 9.302 0.243 -0.432 0.100
3.500 26.669 2.346 9.253 0.253 -0.560 0.100
3.600 27.591 2.372 9.191 0.263 -0.680 0.100
3.700 28.506 2.399 9.117 0.273 -0.794 0.100
3.800 29.414 2.427 9.032 0.283 -0.900 0.100
3.900 30.312 2.456 8.937 0.293 -1.000 0.100
4.000 31.201 2.486 8.832 0.303 -1.094 0.100
4.100 32.078 2.516 8.718 0.313 -1.182 0.100
4.200 32.944 2.548 8.596 0.323 -1.263 0.100
4.300 33.797 2.581 8.466 0.333 -1.339 0.100
4.400 34.637 2.615 8.328 0.343 -1.409 0.100
4.500 35.463 2.650 8.184 0.353 -1.474 0.100
4.600 36.274 2.685 8.034 0.363 -1.533 0.100
4.700 37.069 2.722 7.878 0.373 -1.588 0.100
4.800 37.849 2.760 7.716 0.383 -1.638 0.100
4.900 38.612 2.799 7.550 0.393 -1.683 0.100
5.000 39.359 2.839 7.380 0.403 -1.724 0.100
5.100 40.088 2.880 7.206 0.413 -1.761 0.100
5.200 40.800 2.921 7.028 0.423 -1.795 0.100
5.300 41.494 2.964 6.847 0.433 -1.824 0.100
5.400 42.169 3.008 6.663 0.443 -1.850 0.100
5.500 42.826 3.053 6.477 0.453 -1.873 0.100
5.600 43.465 3.099 6.289 0.463 -1.893 0.100
5.700 44.084 3.146 6.098 0.473 -1.910 0.100
5.800 44.684 3.193 5.907 0.483 -1.924 0.100
5.900 45.265 3.242 5.714 0.493 -1.936 0.100
6.000 45.827 3.292 5.520 0.503 -1.946 0.100
6.100 46.369 3.343 5.325 0.513 -1.954 0.100
6.200 46.892 3.395 5.129 0.523 -1.960 0.100
6.300 47.395 3.447 4.933 0.533 -1.964 0.100
6.400 47.878 3.501 4.736 0.543 -1.968 0.100
6.500 48.342 3.556 4.539 0.553 -1.970 0.100
6.600 48.786 3.612 4.342 0.563 -1.971 0.100
6.700 49.210 3.669 4.145 0.573 -1.972 0.100
6.800 49.615 3.727 3.948 0.583 -1.972 0.100
6.900 50.000 3.785 3.750 0.593 -1.972 0.100
