0.000 0.000 2.000 5.000 0.000 0.000 0.000
0.100 0.500 2.000 5.007 0.000 0.136 0.004
0.200 1.002 2.000 5.027 0.001 0.254 0.008
0.300 1.506 2.000 5.057 0.002 0.356 0.012
0.400 2.014 2.000 5.097 0.003 0.443 0.015
0.500 2.526 2.001 5.145 0.005 0.515 0.019
0.600 3.043 2.001 5.200 0.007 0.575 0.021
0.700 3.566 2.002 5.260 0.009 0.624 0.024
0.800 4.095 2.003 5.325 0.011 0.663 0.026
0.900 4.631 2.004 5.392 0.014 0.694 0.028
1.000 5.174 2.006 5.463 0.017 0.717 0.029
1.100 5.724 2.008 5.536 0.020 0.733 0.030
1.200 6.281 2.010 5.610 0.023 0.743 0.032
1.300 6.845 2.012 5.684 0.026 0.748 0.033
1.400 7.418 2.015 5.759 0.030 0.749 0.034
1.500 7.997 2.018 5.834 0.033 0.745 0.034
1.600 8.584 2.022 5.908 0.036 0.737 0.035
1.700 9.179 2.026 5.981 0.040 0.727 0.035
1.800 9.781 2.030 6.053 0.043 0.713 0.035
1.900 10.389 2.034 6.124 0.047 0.698 0.035
2.000 11.005 2.039 6.193 0.051 0.681 0.035
2.100 11.628 2.044 6.260 0.054 0.663 0.035
2.200 12.257 2.050 6.325 0.058 0.643 0.035
2.300 12.893 2.056 6.388 0.061 0.622 0.035
2.400 13.535 2.062 6.450 0.065 0.601 0.035
2.500 14.183 2.069 6.509 0.068 0.579 0.034
2.600 14.836 2.076 6.565 0.071 0.557 0.034
2.700 15.496 2.083 6.620 0.075 0.534 0.033
2.800 16.160 2.091 6.672 0.078 0.512 0.033
2.900 16.830 2.099 6.722 0.081 0.489 0.032
3.000 17.505 2.107 6.770 0.084 0.467 0.031
3.100 18.184 2.116 6.816 0.088 0.445 0.031
3.200 18.868 2.124 6.859 0.091 0.423 0.030
3.300 19.556 2.134 6.900 0.094 0.402 0.029
3.400 20.248 2.143 6.940 0.096 0.382 0.029
3.500 20.944 2.153 6.977 0.099 0.362 0.028
3.600 21.643 2.163 7.012 0.102 0.342 0.027
3.700 22.346 2.173 7.045 0.105 0.323 0.026
3.800 23.052 2.184 7.077 0.107 0.305 0.025
3.900 23.761 2.195 7.106 0.110 0.287 0.024
4.000 24.473 2.206 7.134 0.112 0.271 0.024
4.100 25.188 2.217 7.160 0.114 0.254 0.023
4.200 25.905 2.229 7.185 0.117 0.239 0.022
4.300 26.625 2.241 7.208 0.119 0.224 0.021
4.400 27.347 2.253 7.230 0.121 0.210 0.020
4.500 28.071 2.265 7.250 0.123 0.197 0.020
4.600 28.797 2.277 7.269 0.125 0.184 0.019
4.700 29.525 2.290 7.287 0.127 0.172 0.018
4.800 30.254 2.303 7.304 0.128 0.160 0.017
4.900 30.985 2.315 7.319 0.130 0.150 0.016
5.000 31.718 2.329 7.334 0.132 0.139 0.016
5.100 32.452 2.342 7.347 0.133 0.130 0.015
5.200 33.187 2.355 7.360 0.135 0.121 0.014
5.300 33.924 2.369 7.371 0.136 0.113 0.014
5.400 34.662 2.382 7.382 0.138 0.105 0.013
5.500 35.400 2.396 7.392 0.139 0.098 0.013
5.600 36.140 2.410 7.402 0.140 0.092 0.012
5.700 36.881 2.424 7.411 0.141 0.086 0.011
5.800 37.622 2.438 7.419 0.142 0.080 0.011
5.900 38.364 2.453 7.427 0.143 0.075 0.010
6.000 39.107 2.467 7.434 0.144 0.071 0.010
6.100 39.851 2.482 7.441 0.145 0.067 0.010
6.200 40.596 2.496 7.447 0.146 0.063 0.009
6.300 41.341 2.511 7.454 0.147 0.060 0.009
6.400 42.086 2.526 7.459 0.148 0.058 0.009
6.500 42.833 2.541 7.465 0.149 0.056 0.008
6.600 43.579 2.555 7.471 0.150 0.054 0.008
6.700 44.327 2.570 7.476 0.151 0.053 0.008
6.800 45.075 2.586 7.481 0.151 0.053 0.008
6.900 45.823 2.601 7.487 0.152 0.052 0.008
