0.000 0.000 2.000 7.000 0.000 0.000 0.000
0.100 0.700 2.000 6.999 0.000 -0.029 0.002
0.200 1.400 2.000 6.994 0.000 -0.055 0.002
0.300 2.099 2.000 6.988 0.001 -0.078 0.002
0.400 2.797 2.000 6.979 0.001 -0.098 0.000
0.500 3.494 2.000 6.968 0.001 -0.116 -0.001
0.600 4.191 2.000 6.956 0.000 -0.131 -0.003
0.700 4.886 2.000 6.942 0.000 -0.144 -0.005
0.800 5.579 2.000 6.927 -0.001 -0.156 -0.006
0.900 6.271 2.000 6.911 -0.001 -0.165 -0.005
1.000 6.961 2.000 6.894 -0.002 -0.174 -0.004
1.100 7.650 2.000 6.876 -0.002 -0.181 -0.003
1.200 8.336 2.000 6.858 -0.002 -0.186 -0.001
1.300 9.021 1.999 6.839 -0.002 -0.191 -0.001
1.400 9.704 1.999 6.820 -0.002 -0.194 -0.000
1.500 10.385 1.999 6.800 -0.002 -0.197 -0.000
1.600 11.064 1.999 6.780 -0.002 -0.199 0.000
1.700 11.741 1.999 6.760 -0.002 -0.200 0.000
1.800 12.416 1.998 6.740 -0.002 -0.200 0.000
1.900 13.089 1.998 6.720 -0.002 -0.200 0.000
2.000 13.760 1.998 6.700 -0.002 -0.199 0.000
2.100 14.429 1.998 6.680 -0.002 -0.198 0.000
2.200 15.096 1.997 6.661 -0.002 -0.197 0.000
2.300 15.762 1.997 6.641 -0.002 -0.195 0.000
2.400 16.425 1.997 6.622 -0.002 -0.192 0.000
2.500 17.086 1.997 6.603 -0.002 -0.189 0.000
2.600 17.745 1.997 6.584 -0.002 -0.187 0.000
2.700 18.403 1.996 6.565 -0.002 -0.183 0.000
2.800 19.058 1.996 6.547 -0.002 -0.180 0.000
2.900 19.712 1.996 6.530 -0.002 -0.176 0.000
3.000 20.364 1.996 6.512 -0.002 -0.172 0.000
3.100 21.015 1.996 6.495 -0.002 -0.168 0.000
3.200 21.663 1.995 6.478 -0.002 -0.164 0.000
3.300 22.310 1.995 6.462 -0.002 -0.160 -0.000
3.400 22.956 1.995 6.446 -0.002 -0.156 -0.000
3.500 23.600 1.995 6.431 -0.002 -0.151 -0.000
3.600 24.242 1.995 6.416 -0.002 -0.147 -0.000
3.700 24.883 1.994 6.402 -0.002 -0.142 -0.000
3.800 25.522 1.994 6.388 -0.002 -0.138 -0.000
3.900 26.160 1.994 6.374 -0.002 -0.133 -0.001
4.000 26.797 1.994 6.361 -0.002 -0.128 -0.001
4.100 27.433 1.993 6.348 -0.002 -0.123 -0.001
4.200 28.067 1.993 6.336 -0.002 -0.118 -0.000
4.300 28.700 1.993 6.325 -0.002 -0.113 -0.000
4.400 29.332 1.993 6.314 -0.002 -0.108 -0.000
4.500 29.963 1.993 6.303 -0.002 -0.104 -0.000
4.600 30.592 1.992 6.293 -0.002 -0.098 -0.000
4.700 31.221 1.992 6.283 -0.002 -0.093 0.000
4.800 31.849 1.992 6.274 -0.002 -0.088 0.000
4.900 32.476 1.992 6.266 -0.002 -0.083 0.000
5.000 33.102 1.991 6.258 -0.002 -0.078 0.000
5.100 33.728 1.991 6.250 -0.002 -0.073 0.001
5.200 34.352 1.991 6.243 -0.002 -0.068 0.001
5.300 34.976 1.991 6.237 -0.002 -0.063 0.001
5.400 35.600 1.990 6.230 -0.002 -0.058 0.002
5.500 36.222 1.990 6.225 -0.002 -0.053 0.002
5.600 36.845 1.990 6.220 -0.002 -0.048 0.002
5.700 37.466 1.990 6.215 -0.001 -0.043 0.002
5.800 38.088 1.990 6.211 -0.001 -0.038 0.003
5.900 38.709 1.990 6.208 -0.001 -0.033 0.003
6.000 39.329 1.990 6.205 -0.001 -0.028 0.003
6.100 39.950 1.990 6.202 -0.000 -0.025 0.001
6.200 40.570 1.990 6.200 -0.000 -0.023 -0.000
6.300 41.190 1.990 6.198 -0.000 -0.019 0.001
6.400 41.809 1.990 6.196 -0.000 -0.015 0.001
6.500 42.429 1.989 6.194 -0.000 -0.012 0.001
6.600 43.048 1.989 6.193 -0.000 -0.010 0.001
6.700 43.668 1.989 6.192 0.000 -0.008 0.001
6.800 44.287 1.989 6.192 0.000 -0.007 0.002
6.900 44.906 1.990 6.191 0.000 -0.007 0.002
7.000 45.525 1.990 6.190 0.001 -0.007 0.002
