0.000 0.000 2.000 4.000 0.000 0.000 0.000
0.100 0.400 2.000 4.011 0.000 0.206 0.000
0.200 0.803 2.000 4.040 0.000 0.386 0.001
0.300 1.209 2.000 4.087 0.000 0.540 0.001
0.400 1.621 2.000 4.148 0.000 0.672 0.001
0.500 2.039 2.000 4.221 0.000 0.783 0.001
0.600 2.465 2.000 4.304 0.001 0.875 0.002
0.700 2.900 2.000 4.395 0.001 0.950 0.002
0.800 3.344 2.000 4.493 0.001 1.011 0.002
0.900 3.799 2.000 4.597 0.001 1.058 0.002
1.000 4.264 2.000 4.704 0.001 1.095 0.002
1.100 4.740 2.001 4.815 0.001 1.121 0.002
1.200 5.227 2.001 4.928 0.002 1.138 0.002
1.300 5.725 2.001 5.043 0.002 1.146 0.002
1.400 6.235 2.001 5.157 0.002 1.148 0.002
1.500 6.757 2.001 5.272 0.002 1.144 0.001
1.600 7.290 2.001 5.386 0.002 1.134 0.001
1.700 7.834 2.002 5.499 0.002 1.119 0.001
1.800 8.389 2.002 5.610 0.002 1.100 0.001
1.900 8.956 2.002 5.718 0.003 1.078 0.001
2.000 9.533 2.002 5.825 0.003 1.054 0.001
2.100 10.121 2.003 5.929 0.003 1.027 0.001
2.200 10.719 2.003 6.030 0.003 0.998 0.001
2.300 11.327 2.003 6.129 0.003 0.967 0.001
2.400 11.944 2.004 6.224 0.003 0.936 0.001
2.500 12.571 2.004 6.316 0.003 0.903 0.000
2.600 13.207 2.004 6.404 0.003 0.870 0.000
2.700 13.852 2.004 6.490 0.003 0.837 0.000
2.800 14.505 2.005 6.572 0.003 0.803 0.000
2.900 15.166 2.005 6.650 0.003 0.770 0.000
3.000 15.835 2.005 6.726 0.003 0.737 -0.000
3.100 16.512 2.006 6.798 0.003 0.704 -0.000
3.200 17.195 2.006 6.867 0.003 0.671 -0.000
3.300 17.885 2.006 6.932 0.003 0.640 -0.000
3.400 18.581 2.007 6.994 0.003 0.609 -0.000
3.500 19.284 2.007 7.054 0.003 0.578 -0.000
3.600 19.992 2.007 7.110 0.003 0.549 -0.000
3.700 20.705 2.008 7.164 0.003 0.520 -0.000
3.800 21.424 2.008 7.214 0.003 0.492 -0.000
3.900 22.148 2.008 7.262 0.003 0.465 -0.000
4.000 22.877 2.008 7.307 0.003 0.440 -0.000
4.100 23.610 2.009 7.350 0.003 0.415 -0.000
4.200 24.347 2.009 7.390 0.003 0.391 -0.000
4.300 25.088 2.009 7.428 0.003 0.368 -0.000
4.400 25.832 2.009 7.464 0.003 0.346 -0.000
4.500 26.580 2.010 7.497 0.003 0.325 -0.000
4.600 27.332 2.010 7.529 0.003 0.305 -0.000
4.700 28.086 2.010 7.559 0.002 0.287 -0.000
4.800 28.843 2.010 7.586 0.002 0.269 -0.000
4.900 29.603 2.011 7.612 0.002 0.252 -0.000
5.000 30.366 2.011 7.637 0.002 0.236 -0.000
5.100 31.130 2.011 7.659 0.002 0.221 -0.000
5.200 31.897 2.011 7.681 0.002 0.207 -0.000
5.300 32.667 2.012 7.701 0.002 0.193 -0.000
5.400 33.438 2.012 7.720 0.002 0.181 -0.000
5.500 34.210 2.012 7.737 0.002 0.169 -0.000
5.600 34.985 2.012 7.753 0.002 0.159 -0.000
5.700 35.761 2.013 7.769 0.002 0.149 -0.000
5.800 36.539 2.013 7.783 0.002 0.140 -0.000
5.900 37.318 2.013 7.797 0.002 0.132 -0.000
6.000 38.098 2.013 7.810 0.002 0.125 -0.000
6.100 38.880 2.013 7.822 0.002 0.118 -0.000
6.200 39.662 2.014 7.833 0.002 0.112 -0.000
6.300 40.446 2.014 7.844 0.002 0.107 -0.000
6.400 41.231 2.014 7.855 0.002 0.103 -0.000
6.500 42.017 2.014 7.865 0.002 0.099 -0.000
6.600 42.804 2.015 7.875 0.002 0.097 -0.000
6.700 43.592 2.015 7.884 0.002 0.095 -0.000
6.800 44.381 2.015 7.894 0.002 0.094 -0.000
6.900 45.171 2.015 7.903 0.002 0.093 -0.000
