0.000 0.000 2.000 7.000 1.000 1.000 0.500
0.100 0.729 2.103 7.547 1.059 7.966 0.672
0.200 1.531 2.212 8.561 1.131 11.872 0.755
0.300 2.450 2.329 9.840 1.208 13.321 0.758
0.400 3.500 2.454 11.156 1.281 12.681 0.692
0.500 4.676 2.585 12.318 1.344 10.317 0.569
0.600 5.954 2.722 13.174 1.393 6.598 0.398
0.700 7.296 2.863 13.605 1.423 1.890 0.190
0.800 8.658 3.006 13.531 1.430 -3.439 -0.044
0.900 9.984 3.148 12.909 1.413 -9.022 -0.293
1.000 11.221 3.288 11.730 1.371 -14.493 -0.547
1.100 12.332 3.422 10.457 1.304 -11.167 -0.796
1.200 13.325 3.548 9.451 1.213 -9.143 -1.008
1.300 14.227 3.664 8.597 1.103 -8.057 -1.181
1.400 15.047 3.768 7.827 0.978 -7.364 -1.315
1.500 15.795 3.859 7.129 0.842 -6.521 -1.407
1.600 16.477 3.936 6.546 0.698 -4.984 -1.458
1.700 17.111 3.998 6.174 0.552 -2.209 -1.464
1.800 17.723 4.046 6.091 0.413 0.330 -1.305
1.900 18.336 4.082 6.195 0.292 1.605 -1.114
2.000 18.965 4.106 6.388 0.191 2.170 -0.907
2.100 19.615 4.120 6.624 0.110 2.561 -0.697
2.200 20.291 4.128 6.912 0.051 3.315 -0.498
2.300 21.001 4.131 7.317 0.010 4.968 -0.324
2.400 21.762 4.131 7.954 -0.015 8.056 -0.191
2.500 22.594 4.129 8.527 -0.016 3.879 0.170
2.600 23.460 4.129 8.764 0.019 1.063 0.534
2.700 24.339 4.134 8.775 0.090 -0.693 0.869
2.800 25.211 4.148 8.652 0.191 -1.653 1.143
2.900 26.067 4.173 8.462 0.315 -2.081 1.325
3.000 26.903 4.211 8.245 0.452 -2.241 1.383
3.100 27.716 4.263 8.014 0.587 -2.400 1.285
3.200 28.504 4.328 7.756 0.702 -2.820 0.998
3.300 29.265 4.402 7.432 0.779 -3.768 0.492
3.400 29.986 4.482 6.976 0.793 -5.508 -0.265
3.500 30.666 4.559 6.537 0.757 -4.930 -0.434
3.600 31.290 4.633 5.907 0.725 -7.240 -0.237
3.700 31.842 4.705 5.115 0.707 -8.446 -0.139
3.800 32.310 4.775 4.247 0.695 -8.791 -0.117
3.900 32.691 4.844 3.379 0.682 -8.454 -0.155
4.000 32.988 4.911 2.573 0.663 -7.610 -0.235
4.100 33.209 4.976 1.868 0.634 -6.437 -0.340
4.200 33.366 5.038 1.290 0.595 -5.111 -0.453
4.300 33.472 5.095 0.845 0.544 -3.808 -0.557
4.400 33.539 5.146 0.522 0.484 -2.706 -0.634
4.500 33.579 5.191 0.292 0.419 -1.981 -0.668
4.600 33.600 5.230 0.133 0.353 -1.237 -0.644
4.700 33.608 5.262 0.038 0.290 -0.694 -0.606
4.800 33.609 5.288 -0.011 0.232 -0.322 -0.556
4.900 33.607 5.309 -0.031 0.180 -0.092 -0.497
5.000 33.604 5.324 -0.033 0.133 0.029 -0.431
5.100 33.601 5.335 -0.027 0.094 0.072 -0.359
5.200 33.598 5.343 -0.020 0.061 0.067 -0.282
5.300 33.596 5.348 -0.015 0.037 0.045 -0.204
5.400 33.595 5.351 -0.011 0.021 0.039 -0.126
5.500 33.594 5.352 -0.005 0.012 0.077 -0.050
5.600 33.594 5.353 0.001 0.008 0.048 -0.023
5.700 33.594 5.354 0.004 0.007 0.021 -0.003
5.800 33.595 5.355 0.005 0.007 -0.004 0.010
5.900 33.595 5.356 0.003 0.009 -0.027 0.016
6.000 33.595 5.357 -0.000 0.010 -0.044 0.018
6.100 33.595 5.358 -0.005 0.012 -0.055 0.016
6.200 33.594 5.359 -0.011 0.014 -0.057 0.011
6.300 33.593 5.360 -0.016 0.014 -0.048 0.005
6.400 33.591 5.362 -0.020 0.015 -0.026 -0.002
6.500 33.589 5.363 -0.021 0.014 0.010 -0.009
6.600 33.587 5.365 -0.018 0.013 0.044 -0.014
6.700 33.585 5.366 -0.013 0.011 0.063 -0.016
6.800 33.585 5.367 -0.006 0.010 0.069 -0.016
6.900 33.584 5.368 0.001 0.008 0.065 -0.013
7.000 33.585 5.368 0.007 0.007 0.055 -0.009
7.100 33.586 5.369 0.011 0.006 0.042 -0.005
7.200 33.587 5.370 0.015 0.006 0.030 -0.001
7.300 33.589 5.370 0.018 0.006 0.021 0.002
7.400 33.590 5.371 0.020 0.006 0.020 0.004
