0.000 0.000 2.000 15.000 0.000 1.000 0.000
0.100 1.503 2.000 15.043 -0.000 -0.096 0.000
0.200 3.005 2.000 14.988 -0.000 -0.973 0.000
0.300 4.498 2.000 14.855 0.000 -1.655 0.000
0.400 5.974 2.000 14.663 0.000 -2.168 0.000
0.500 7.429 2.000 14.426 0.000 -2.535 0.000
0.600 8.859 2.000 14.160 0.000 -2.781 0.000
0.700 10.261 2.000 13.874 0.000 -2.929 0.000
0.800 11.633 2.000 13.576 0.000 -3.004 0.000
0.900 12.976 2.000 13.275 0.000 -3.030 -0.000
1.000 14.288 2.000 12.971 0.000 -3.031 -0.000
1.100 15.570 2.000 12.668 0.000 -3.031 -0.000
1.200 16.822 2.000 12.365 -0.000 -3.031 -0.000
1.300 18.043 2.000 12.062 -0.000 -3.031 -0.000
1.400 19.234 2.000 11.759 -0.000 -3.031 -0.000
1.500 20.395 2.000 11.456 -0.000 -3.030 -0.000
1.600 21.525 2.000 11.153 -0.000 -3.029 -0.000
1.700 22.625 2.000 10.850 -0.000 -3.028 -0.000
1.800 23.695 2.000 10.547 -0.000 -3.026 -0.000
1.900 24.735 2.000 10.245 -0.000 -3.024 -0.000
2.000 25.744 2.000 9.942 -0.000 -3.022 0.000
2.100 26.723 2.000 9.640 -0.000 -3.022 0.000
2.200 27.672 2.000 9.338 -0.000 -3.022 0.000
2.300 28.591 2.000 9.036 -0.000 -3.022 0.000
2.400 29.479 2.000 8.734 -0.000 -3.021 -0.000
2.500 30.338 2.000 8.432 -0.000 -3.020 -0.000
2.600 31.166 2.000 8.130 -0.000 -3.019 -0.000
2.700 31.963 2.000 7.828 -0.000 -3.018 0.000
2.800 32.731 2.000 7.526 -0.000 -3.017 0.000
2.900 33.469 2.000 7.224 -0.000 -3.016 0.000
3.000 34.176 2.000 6.923 0.000 -3.014 0.000
3.100 34.853 2.000 6.621 -0.000 -3.013 -0.000
3.200 35.500 2.000 6.320 -0.000 -3.013 -0.000
3.300 36.117 2.000 6.019 -0.000 -3.012 -0.000
3.400 36.704 2.000 5.718 -0.000 -3.012 -0.000
3.500 37.261 2.000 5.416 -0.000 -3.011 0.000
3.600 37.787 2.000 5.115 -0.000 -3.011 0.000
3.700 38.284 2.000 4.814 -0.000 -3.010 0.000
3.800 38.750 2.000 4.513 -0.000 -3.009 0.000
3.900 39.187 2.000 4.213 -0.000 -3.008 0.000
4.000 39.593 2.000 3.912 -0.000 -3.007 0.000
4.100 39.969 2.000 3.611 0.000 -3.005 -0.000
4.200 40.315 2.000 3.311 0.000 -2.999 -0.000
4.300 40.631 2.000 3.012 0.000 -2.984 -0.000
4.400 40.917 2.000 2.715 0.000 -2.956 -0.000
4.500 41.174 2.000 2.421 0.000 -2.909 -0.000
4.600 41.402 2.000 2.134 0.000 -2.841 -0.000
4.700 41.601 2.000 1.854 0.000 -2.746 -0.000
4.800 41.773 2.000 1.585 0.000 -2.619 -0.000
4.900 41.919 2.000 1.331 0.000 -2.457 0.000
5.000 42.040 2.000 1.095 0.000 -2.255 0.000
5.100 42.139 2.000 0.881 0.000 -2.031 0.000
5.200 42.217 2.000 0.690 0.000 -1.793 0.000
5.300 42.277 2.000 0.522 0.000 -1.547 0.000
5.400 42.322 2.000 0.380 0.000 -1.298 -0.000
5.500 42.354 2.000 0.263 0.000 -1.052 -0.000
5.600 42.376 2.000 0.170 0.000 -0.813 -0.000
5.700 42.389 2.000 0.100 0.000 -0.587 -0.000
5.800 42.396 2.000 0.051 0.000 -0.381 -0.000
5.900 42.400 2.000 0.023 0.000 -0.198 -0.000
6.000 42.401 2.000 0.011 0.000 -0.046 -0.000
6.100 42.402 2.000 0.007 0.000 -0.033 -0.000
6.200 42.403 2.000 0.004 0.000 -0.022 -0.000
6.300 42.403 2.000 0.002 0.000 -0.015 -0.000
6.400 42.403 2.000 0.001 0.000 -0.009 -0.000
6.500 42.403 2.000 0.001 -0.000 -0.005 -0.000
6.600 42.403 2.000 0.000 -0.000 -0.002 -0.000
6.700 42.403 2.000 0.000 -0.000 -0.001 -0.000
6.800 42.403 2.000 0.000 -0.000 -0.000 0.000
6.900 42.403 2.000 0.000 -0.000 0.000 0.000
7.000 42.403 2.000 0.000 0.000 0.000 0.000
