0.000 0.000 2.000 1.000 0.000 0.000 0.000
0.100 0.100 2.000 0.987 0.003 -0.249 0.050
0.200 0.197 2.001 0.952 0.009 -0.444 0.084
0.300 0.289 2.002 0.900 0.019 -0.593 0.104
0.400 0.376 2.005 0.835 0.030 -0.699 0.112
0.500 0.456 2.008 0.761 0.041 -0.767 0.111
0.600 0.528 2.013 0.683 0.052 -0.803 0.104
0.700 0.593 2.018 0.602 0.062 -0.811 0.093
0.800 0.649 2.025 0.521 0.070 -0.796 0.079
0.900 0.697 2.032 0.443 0.078 -0.764 0.067
1.000 0.737 2.041 0.369 0.084 -0.719 0.058
1.100 0.771 2.049 0.300 0.089 -0.660 0.044
1.200 0.798 2.058 0.237 0.093 -0.592 0.030
1.300 0.819 2.068 0.182 0.095 -0.518 0.016
1.400 0.834 2.077 0.134 0.096 -0.440 0.001
1.500 0.846 2.087 0.094 0.095 -0.361 -0.013
1.600 0.853 2.096 0.062 0.093 -0.283 -0.027
1.700 0.858 2.105 0.037 0.090 -0.209 -0.040
1.800 0.861 2.114 0.020 0.086 -0.143 -0.051
1.900 0.862 2.123 0.008 0.080 -0.085 -0.061
2.000 0.863 2.130 0.002 0.073 -0.039 -0.069
2.100 0.863 2.137 0.000 0.066 -0.008 -0.075
2.200 0.863 2.143 -0.000 0.059 0.003 -0.072
2.300 0.863 2.149 0.001 0.052 0.027 -0.068
2.400 0.863 2.154 0.005 0.045 0.063 -0.063
2.500 0.864 2.158 0.014 0.039 0.111 -0.057
2.600 0.866 2.162 0.028 0.034 0.171 -0.050
2.700 0.870 2.165 0.049 0.029 0.243 -0.044
2.800 0.876 2.168 0.077 0.025 0.327 -0.038
2.900 0.886 2.170 0.114 0.022 0.423 -0.032
3.000 0.899 2.172 0.162 0.019 0.531 -0.029
3.100 0.918 2.174 0.221 0.016 0.639 -0.025
3.200 0.944 2.175 0.290 0.014 0.750 -0.022
3.300 0.977 2.176 0.371 0.012 0.863 -0.020
3.400 1.018 2.177 0.463 0.010 0.976 -0.019
3.500 1.070 2.178 0.566 0.008 1.086 -0.018
3.600 1.132 2.179 0.680 0.006 1.192 -0.018
3.700 1.206 2.179 0.804 0.004 1.292 -0.017
3.800 1.293 2.180 0.938 0.003 1.383 -0.015
3.900 1.394 2.180 1.080 0.001 1.463 -0.012
4.000 1.509 2.180 1.230 0.000 1.531 -0.007
4.100 1.640 2.180 1.386 0.000 1.582 0.002
4.200 1.787 2.180 1.546 0.000 1.612 0.001
4.300 1.949 2.180 1.708 0.000 1.627 0.001
4.400 2.128 2.180 1.870 0.000 1.628 0.000
4.500 2.323 2.180 2.033 0.000 1.616 0.000
4.600 2.535 2.180 2.193 0.000 1.595 0.000
4.700 2.762 2.180 2.351 0.000 1.565 0.000
4.800 3.005 2.180 2.506 0.000 1.528 0.000
4.900 3.263 2.180 2.657 0.000 1.486 0.000
5.000 3.536 2.180 2.803 0.000 1.440 0.000
5.100 3.823 2.180 2.945 0.000 1.393 -0.000
5.200 4.125 2.180 3.082 0.000 1.342 -0.000
5.300 4.440 2.180 3.213 0.000 1.290 -0.000
5.400 4.767 2.180 3.340 0.000 1.237 -0.000
5.500 5.107 2.180 3.461 0.000 1.184 -0.000
5.600 5.459 2.180 3.576 0.000 1.130 -0.000
5.700 5.822 2.180 3.687 0.000 1.076 -0.000
5.800 6.196 2.180 3.792 0.000 1.023 -0.000
5.900 6.581 2.180 3.891 0.000 0.971 -0.000
6.000 6.974 2.180 3.986 0.000 0.920 -0.000
6.100 7.378 2.180 4.076 0.000 0.871 -0.000
6.200 7.789 2.180 4.160 0.000 0.825 -0.000
6.300 8.209 2.181 4.241 0.000 0.781 -0.000
6.400 8.637 2.181 4.317 0.000 0.741 -0.000
6.500 9.073 2.181 4.389 0.000 0.705 -0.000
6.600 9.515 2.181 4.458 0.000 0.674 -0.000
6.700 9.964 2.181 4.524 0.000 0.648 -0.000
6.800 10.420 2.181 4.588 0.000 0.629 0.000
6.900 10.882 2.181 4.650 0.000 0.617 0.000
7.000 11.350 2.181 4.711 0.000 0.613 0.000
