0.000 0.000 2.000 1.000 0.000 0.000 0.000
0.100 0.100 2.000 0.987 0.002 -0.244 0.042
0.200 0.197 2.001 0.953 0.008 -0.437 0.070
0.300 0.290 2.002 0.901 0.016 -0.584 0.087
0.400 0.377 2.004 0.838 0.025 -0.689 0.094
0.500 0.457 2.007 0.765 0.034 -0.757 0.093
0.600 0.529 2.011 0.687 0.044 -0.793 0.087
0.700 0.594 2.015 0.607 0.052 -0.802 0.077
0.800 0.651 2.021 0.528 0.059 -0.789 0.066
0.900 0.700 2.027 0.450 0.065 -0.759 0.055
1.000 0.741 2.034 0.376 0.070 -0.716 0.047
1.100 0.775 2.041 0.307 0.074 -0.659 0.036
1.200 0.803 2.049 0.245 0.077 -0.594 0.024
1.300 0.824 2.057 0.189 0.079 -0.522 0.012
1.400 0.841 2.065 0.140 0.080 -0.446 -0.001
1.500 0.853 2.072 0.100 0.079 -0.369 -0.013
1.600 0.861 2.080 0.067 0.077 -0.293 -0.025
1.700 0.866 2.088 0.041 0.074 -0.220 -0.036
1.800 0.869 2.095 0.022 0.070 -0.154 -0.046
1.900 0.871 2.102 0.010 0.065 -0.096 -0.054
2.000 0.871 2.108 0.003 0.059 -0.048 -0.061
2.100 0.872 2.114 -0.000 0.053 -0.015 -0.064
2.200 0.872 2.119 -0.001 0.046 -0.000 -0.062
2.300 0.871 2.123 0.000 0.040 0.025 -0.059
2.400 0.872 2.127 0.004 0.035 0.061 -0.054
2.500 0.872 2.130 0.013 0.030 0.108 -0.049
2.600 0.874 2.133 0.026 0.025 0.166 -0.043
2.700 0.878 2.135 0.046 0.021 0.237 -0.037
2.800 0.884 2.137 0.074 0.018 0.320 -0.031
2.900 0.893 2.138 0.111 0.015 0.416 -0.027
3.000 0.906 2.140 0.158 0.012 0.526 -0.023
3.100 0.925 2.141 0.216 0.010 0.633 -0.019
3.200 0.950 2.142 0.285 0.008 0.745 -0.016
3.300 0.982 2.143 0.365 0.007 0.859 -0.014
3.400 1.023 2.143 0.456 0.005 0.972 -0.013
3.500 1.074 2.144 0.559 0.004 1.083 -0.012
3.600 1.135 2.144 0.673 0.003 1.190 -0.011
3.700 1.209 2.144 0.797 0.002 1.290 -0.010
3.800 1.295 2.144 0.931 0.001 1.382 -0.008
3.900 1.395 2.144 1.073 0.000 1.463 -0.006
4.000 1.510 2.145 1.223 0.000 1.532 -0.002
4.100 1.640 2.145 1.379 0.000 1.582 0.004
4.200 1.786 2.145 1.539 0.000 1.613 0.002
4.300 1.948 2.145 1.701 0.001 1.628 0.001
4.400 2.126 2.145 1.864 0.001 1.629 0.000
4.500 2.321 2.145 2.026 0.001 1.618 -0.000
4.600 2.531 2.145 2.187 0.001 1.597 -0.000
4.700 2.758 2.145 2.345 0.001 1.567 -0.000
4.800 3.000 2.145 2.500 0.001 1.530 -0.000
4.900 3.258 2.145 2.651 0.001 1.488 -0.000
5.000 3.530 2.145 2.798 0.001 1.443 -0.000
5.100 3.817 2.145 2.940 0.001 1.395 -0.000
5.200 4.118 2.145 3.077 0.000 1.345 -0.000
5.300 4.432 2.145 3.209 0.000 1.293 -0.000
5.400 4.760 2.145 3.335 0.000 1.240 -0.000
5.500 5.099 2.145 3.457 0.000 1.186 -0.000
5.600 5.451 2.145 3.572 0.000 1.132 -0.000
5.700 5.814 2.145 3.683 0.000 1.078 -0.000
5.800 6.187 2.145 3.788 0.000 1.025 -0.000
5.900 6.571 2.145 3.888 0.000 0.973 -0.000
6.000 6.965 2.145 3.983 0.000 0.922 -0.000
6.100 7.367 2.145 4.073 0.000 0.873 -0.000
6.200 7.779 2.145 4.158 0.000 0.826 -0.000
6.300 8.199 2.145 4.238 0.000 0.782 -0.000
6.400 8.626 2.145 4.314 0.000 0.742 -0.000
6.500 9.062 2.145 4.386 0.000 0.706 -0.000
6.600 9.504 2.145 4.455 0.000 0.675 -0.000
6.700 9.953 2.146 4.522 0.000 0.650 -0.000
6.800 10.408 2.146 4.586 0.000 0.631 0.000
6.900 10.870 2.146 4.648 0.000 0.619 0.000
7.000 11.338 2.146 4.710 0.000 0.614 0.000
