0.000 0.000 3.000 7.000 0.000 0.000 0.000
0.100 0.700 3.000 7.008 0.008 0.166 0.160
0.200 1.402 3.002 7.033 0.031 0.314 0.287
0.300 2.107 3.007 7.071 0.065 0.443 0.381
0.400 2.817 3.015 7.121 0.106 0.556 0.448
0.500 3.532 3.028 7.181 0.153 0.653 0.490
0.600 4.253 3.046 7.251 0.203 0.737 0.509
0.700 4.982 3.069 7.328 0.255 0.807 0.509
0.800 5.719 3.097 7.412 0.305 0.866 0.493
0.900 6.465 3.130 7.501 0.353 0.914 0.465
1.000 7.220 3.167 7.594 0.397 0.953 0.426
1.100 7.984 3.209 7.691 0.434 0.983 0.309
1.200 8.758 3.254 7.791 0.460 1.005 0.216
1.300 9.542 3.301 7.892 0.478 1.020 0.144
1.400 10.336 3.349 7.995 0.490 1.028 0.090
1.500 11.141 3.399 8.098 0.496 1.030 0.052
1.600 11.956 3.448 8.200 0.500 1.027 0.026
1.700 12.781 3.499 8.303 0.502 1.018 0.010
1.800 13.616 3.549 8.404 0.503 1.005 0.002
1.900 14.462 3.599 8.504 0.502 0.988 -0.002
2.000 15.317 3.649 8.601 0.502 0.967 -0.004
2.100 16.182 3.700 8.697 0.502 0.943 -0.004
2.200 17.056 3.750 8.790 0.501 0.916 -0.004
2.300 17.940 3.800 8.880 0.501 0.885 -0.005
2.400 18.832 3.850 8.967 0.500 0.853 -0.005
2.500 19.733 3.900 9.050 0.500 0.818 -0.003
2.600 20.642 3.950 9.130 0.500 0.780 0.001
2.700 21.559 4.000 9.206 0.500 0.741 0.007
2.800 22.483 4.050 9.279 0.499 0.701 -0.023
2.900 23.415 4.100 9.347 0.496 0.658 -0.049
3.000 24.353 4.149 9.410 0.490 0.615 -0.072
3.100 25.297 4.198 9.469 0.482 0.570 -0.091
3.200 26.246 4.245 9.524 0.472 0.524 -0.107
3.300 27.201 4.292 9.574 0.460 0.476 -0.121
3.400 28.161 4.337 9.619 0.447 0.428 -0.133
3.500 29.125 4.381 9.660 0.434 0.379 -0.143
3.600 30.093 4.424 9.695 0.419 0.329 -0.152
3.700 31.064 4.465 9.726 0.403 0.279 -0.159
3.800 32.038 4.504 9.751 0.387 0.228 -0.166
3.900 33.014 4.542 9.771 0.370 0.176 -0.171
4.000 33.992 4.578 9.786 0.353 0.124 -0.176
4.100 34.971 4.613 9.796 0.335 0.071 -0.179
4.200 35.951 4.646 9.800 0.317 0.018 -0.182
4.300 36.931 4.676 9.799 0.299 -0.036 -0.185
4.400 37.911 4.705 9.793 0.280 -0.090 -0.187
4.500 38.889 4.732 9.781 0.261 -0.145 -0.189
4.600 39.867 4.757 9.764 0.242 -0.200 -0.190
4.700 40.842 4.781 9.741 0.223 -0.255 -0.191
4.800 41.815 4.802 9.713 0.204 -0.310 -0.192
4.900 42.784 4.822 9.679 0.185 -0.366 -0.192
5.000 43.750 4.839 9.640 0.166 -0.422 -0.193
5.100 44.712 4.855 9.595 0.146 -0.479 -0.193
5.200 45.669 4.868 9.544 0.127 -0.535 -0.193
5.300 46.621 4.880 9.488 0.108 -0.592 -0.193
5.400 47.567 4.890 9.426 0.088 -0.649 -0.193
5.500 48.506 4.898 9.358 0.069 -0.706 -0.192
5.600 49.438 4.904 9.284 0.050 -0.764 -0.192
5.700 50.362 4.908 9.205 0.031 -0.821 -0.192
5.800 51.279 4.910 9.120 0.012 -0.879 -0.191
5.900 52.186 4.910 9.030 -0.007 -0.937 -0.190
6.000 53.084 4.908 8.933 -0.026 -0.994 -0.190
6.100 53.973 4.905 8.831 -0.045 -1.052 -0.189
6.200 54.850 4.899 8.723 -0.064 -1.110 -0.188
6.300 55.717 4.892 8.609 -0.083 -1.168 -0.187
6.400 56.572 4.883 8.489 -0.102 -1.226 -0.186
6.500 57.415 4.872 8.363 -0.120 -1.284 -0.185
6.600 58.244 4.859 8.232 -0.139 -1.342 -0.184
6.700 59.061 4.844 8.095 -0.157 -1.399 -0.183
6.800 59.863 4.827 7.952 -0.175 -1.456 -0.181
6.900 60.651 4.809 7.804 -0.193 -1.513 -0.180
7.000 61.424 4.789 7.650 -0.211 -1.569 -0.178
7.100 62.181 4.767 7.490 -0.229 -1.625 -0.177
7.200 62.922 4.743 7.325 -0.247 -1.681 -0.175
7.300 63.646 4.717 7.154 -0.264 -1.735 -0.173
7.400 64.352 4.690 6.978 -0.281 -1.789 -0.171
7.500 65.041 4.661 6.796 -0.298 -1.842 -0.168
7.600 65.711 4.630 6.609 -0.315 -1.893 -0.165
7.700 66.363 4.598 6.417 -0.331 -1.944 -0.162
7.800 66.995 4.564 6.221 -0.347 -1.993 -0.159
7.900 67.607 4.529 6.019 -0.363 -2.040 -0.155
8.000 68.198 4.492 5.813 -0.378 -2.086 -0.151
8.100 68.769 4.453 5.602 -0.393 -2.129 -0.146
8.200 69.318 4.413 5.387 -0.407 -2.169 -0.140
8.300 69.846 4.372 5.168 -0.421 -2.208 -0.133
8.400 70.352 4.329 4.946 -0.434 -2.243 -0.126
8.500 70.835 4.285 4.720 -0.446 -2.274 -0.118
8.600 71.296 4.240 4.491 -0.457 -2.302 -0.108
8.700 71.733 4.193 4.259 -0.468 -2.326 -0.097
8.800 72.148 4.146 4.026 -0.477 -2.345 -0.085
8.900 72.538 4.098 3.790 -0.485 -2.359 -0.070
9.000 72.906 4.049 3.554 -0.491 -2.367 -0.054
9.100 73.249 4.000 3.317 -0.495 -2.369 -0.034
9.200 73.569 3.950 3.081 -0.498 -2.363 -0.018
9.300 73.865 3.900 2.845 -0.499 -2.350 -0.007
9.400 74.138 3.851 2.611 -0.499 -2.329 -0.002
9.500 74.388 3.801 2.379 -0.500 -2.297 -0.000
9.600 74.614 3.751 2.152 -0.500 -2.255 -0.000
9.700 74.818 3.701 1.929 -0.500 -2.202 -0.001
9.800 75.000 3.651 1.712 -0.500 -2.135 -0.001
9.900 75.161 3.601 1.502 -0.500 -2.055 -0.001
10.000 75.301 3.551 1.301 -0.500 -1.964 -0.001
10.100 75.421 3.501 1.110 -0.500 -1.867 -0.001
10.200 75.523 3.451 0.928 -0.500 -1.769 -0.001
10.300 75.607 3.401 0.756 -0.500 -1.674 -0.000
10.400 75.675 3.351 0.593 -0.500 -1.586 -0.000
10.500 75.726 3.301 0.438 -0.500 -1.510 0.000
10.600 75.762 3.251 0.290 -0.500 -1.450 0.001
10.700 75.784 3.201 0.147 -0.500 -1.411 0.001
10.800 75.792 3.151 0.007 -0.500 -1.396 0.002
