0.000 0.000 3.000 7.000 0.000 0.000 0.000
0.100 0.700 3.000 7.011 0.008 0.220 0.160
0.200 1.403 3.002 7.043 0.031 0.406 0.286
0.300 2.110 3.007 7.091 0.064 0.561 0.380
0.400 2.822 3.015 7.154 0.106 0.688 0.447
0.500 3.541 3.028 7.228 0.153 0.790 0.488
0.600 4.268 3.046 7.311 0.203 0.870 0.508
0.700 5.003 3.069 7.401 0.254 0.930 0.509
0.800 5.748 3.097 7.497 0.304 0.973 0.494
0.900 6.503 3.130 7.596 0.352 1.003 0.467
1.000 7.267 3.167 7.697 0.397 1.021 0.431
1.100 8.042 3.209 7.799 0.434 1.027 0.312
1.200 8.827 3.254 7.902 0.460 1.024 0.217
1.300 9.622 3.301 8.004 0.478 1.013 0.144
1.400 10.428 3.349 8.104 0.490 0.996 0.089
1.500 11.243 3.398 8.203 0.497 0.972 0.050
1.600 12.068 3.448 8.299 0.500 0.944 0.025
1.700 12.903 3.498 8.391 0.502 0.911 0.009
1.800 13.746 3.549 8.481 0.502 0.874 0.001
1.900 14.599 3.599 8.566 0.502 0.836 -0.003
2.000 15.460 3.649 8.648 0.502 0.796 -0.004
2.100 16.328 3.699 8.725 0.502 0.754 -0.003
2.200 17.204 3.749 8.798 0.501 0.710 -0.002
2.300 18.088 3.800 8.867 0.501 0.666 -0.002
2.400 18.978 3.850 8.932 0.501 0.622 -0.001
2.500 19.874 3.900 8.992 0.501 0.577 -0.001
2.600 20.776 3.950 9.047 0.501 0.533 -0.001
2.700 21.683 4.000 9.098 0.501 0.489 -0.002
2.800 22.596 4.050 9.145 0.497 0.445 -0.066
2.900 23.512 4.099 9.187 0.488 0.402 -0.119
3.000 24.433 4.147 9.225 0.474 0.360 -0.161
3.100 25.357 4.194 9.259 0.456 0.319 -0.196
3.200 26.285 4.238 9.289 0.435 0.278 -0.223
3.300 27.215 4.281 9.315 0.411 0.239 -0.244
3.400 28.148 4.320 9.337 0.386 0.201 -0.261
3.500 29.082 4.358 9.355 0.359 0.164 -0.272
3.600 30.018 4.392 9.370 0.332 0.128 -0.280
3.700 30.956 4.424 9.381 0.303 0.093 -0.285
3.800 31.895 4.453 9.389 0.275 0.060 -0.287
3.900 32.834 4.479 9.393 0.246 0.027 -0.286
4.000 33.773 4.502 9.394 0.218 -0.005 -0.283
4.100 34.712 4.522 9.392 0.189 -0.035 -0.278
4.200 35.651 4.540 9.387 0.162 -0.065 -0.271
4.300 36.590 4.555 9.379 0.135 -0.093 -0.263
4.400 37.527 4.567 9.368 0.110 -0.121 -0.253
4.500 38.463 4.577 9.355 0.085 -0.148 -0.242
4.600 39.398 4.584 9.339 0.061 -0.175 -0.229
4.700 40.331 4.589 9.320 0.039 -0.200 -0.216
4.800 41.262 4.592 9.299 0.018 -0.225 -0.202
4.900 42.191 4.593 9.275 -0.001 -0.250 -0.187
5.000 43.117 4.592 9.249 -0.019 -0.274 -0.172
5.100 44.040 4.589 9.220 -0.036 -0.298 -0.156
5.200 44.961 4.585 9.189 -0.051 -0.321 -0.141
5.300 45.878 4.579 9.156 -0.064 -0.344 -0.125
5.400 46.792 4.572 9.120 -0.076 -0.367 -0.110
5.500 47.702 4.564 9.082 -0.086 -0.390 -0.095
5.600 48.608 4.555 9.042 -0.095 -0.413 -0.080
5.700 49.510 4.545 9.000 -0.102 -0.435 -0.066
5.800 50.408 4.534 8.955 -0.108 -0.458 -0.052
5.900 51.301 4.523 8.908 -0.112 -0.480 -0.039
6.000 52.190 4.512 8.859 -0.116 -0.503 -0.027
6.100 53.073 4.500 8.808 -0.118 -0.525 -0.015
6.200 53.951 4.489 8.754 -0.119 -0.548 -0.005
6.300 54.824 4.477 8.698 -0.119 -0.572 0.004
6.400 55.691 4.465 8.640 -0.118 -0.595 0.012
6.500 56.552 4.453 8.579 -0.116 -0.619 0.019
6.600 57.407 4.442 8.516 -0.114 -0.643 0.024
6.700 58.255 4.430 8.451 -0.111 -0.668 0.027
6.800 59.097 4.419 8.382 -0.109 -0.693 0.029
6.900 59.931 4.409 8.312 -0.106 -0.718 0.028
7.000 60.759 4.398 8.239 -0.103 -0.745 0.026
7.100 61.579 4.388 8.163 -0.101 -0.771 0.021
7.200 62.391 4.378 8.084 -0.099 -0.799 0.014
7.300 63.196 4.368 8.003 -0.098 -0.827 0.005
7.400 63.992 4.358 7.919 -0.098 -0.856 -0.008
7.500 64.780 4.349 7.832 -0.099 -0.886 -0.022
7.600 65.558 4.339 7.742 -0.103 -0.916 -0.039
7.700 66.328 4.328 7.649 -0.107 -0.948 -0.060
7.800 67.088 4.317 7.552 -0.115 -0.980 -0.083
7.900 67.838 4.305 7.453 -0.124 -1.014 -0.108
8.000 68.578 4.292 7.349 -0.136 -1.048 -0.135
8.100 69.308 4.278 7.243 -0.151 -1.084 -0.164
8.200 70.027 4.262 7.133 -0.169 -1.121 -0.193
8.300 70.734 4.244 7.019 -0.190 -1.159 -0.223
8.400 71.430 4.224 6.901 -0.214 -1.198 -0.254
8.500 72.114 4.201 6.779 -0.241 -1.239 -0.281
8.600 72.786 4.175 6.653 -0.270 -1.280 -0.305
8.700 73.445 4.147 6.523 -0.301 -1.323 -0.324
8.800 74.090 4.115 6.388 -0.334 -1.368 -0.334
8.900 74.722 4.080 6.249 -0.368 -1.413 -0.333
9.000 75.340 4.042 6.106 -0.400 -1.460 -0.317
9.100 75.943 4.000 5.957 -0.431 -1.507 -0.283
9.200 76.531 3.956 5.804 -0.455 -1.556 -0.214
9.300 77.104 3.909 5.646 -0.474 -1.605 -0.153
9.400 77.661 3.861 5.483 -0.486 -1.656 -0.101
9.500 78.200 3.812 5.315 -0.494 -1.706 -0.058
9.600 78.723 3.762 5.142 -0.498 -1.758 -0.027
9.700 79.229 3.713 4.963 -0.500 -1.809 -0.007
9.800 79.716 3.663 4.780 -0.500 -1.860 -0.000
9.900 80.184 3.613 4.591 -0.500 -1.911 0.000
10.000 80.634 3.563 4.398 -0.500 -1.962 0.003
10.100 81.064 3.513 4.199 -0.499 -2.012 0.011
10.200 81.474 3.463 3.995 -0.497 -2.061 0.026
10.300 81.863 3.413 3.787 -0.494 -2.108 0.051
10.400 82.231 3.364 3.574 -0.487 -2.153 0.088
10.500 82.577 3.316 3.356 -0.476 -2.196 0.139
10.600 82.902 3.269 3.135 -0.458 -2.236 0.208
10.700 83.204 3.224 2.909 -0.433 -2.272 0.296
10.800 83.484 3.183 2.680 -0.399 -2.305 0.406
10.900 83.740 3.145 2.449 -0.357 -2.320 0.431
11.000 83.973 3.112 2.216 -0.313 -2.345 0.450
11.100 84.183 3.083 1.980 -0.267 -2.371 0.460
11.200 84.369 3.058 1.742 -0.221 -2.386 0.461
11.300 84.532 3.038 1.504 -0.175 -2.381 0.450
11.400 84.670 3.023 1.267 -0.131 -2.346 0.427
11.500 84.785 3.012 1.036 -0.090 -2.272 0.390
11.600 84.878 3.005 0.814 -0.054 -2.146 0.339
11.700 84.949 3.001 0.608 -0.023 -1.961 0.270
11.800 85.000 3.000 0.424 -0.000 -1.705 0.185
11.900 85.035 3.001 0.278 0.013 -1.240 0.085
12.000 85.057 3.002 0.173 0.018 -0.868 0.014
12.100 85.071 3.004 0.102 0.017 -0.580 -0.033
12.200 85.078 3.006 0.055 0.012 -0.365 -0.061
12.300 85.082 3.006 0.027 0.005 -0.211 -0.073
12.400 85.084 3.007 0.011 -0.002 -0.108 -0.075
12.500 85.085 3.006 0.004 -0.010 -0.046 -0.071
12.600 85.085 3.005 0.001 -0.017 -0.013 -0.065
12.700 85.085 3.003 0.000 -0.023 0.002 -0.062
12.800 85.085 3.000 0.001 -0.029 0.009 -0.065
