0.000 0.000 3.000 7.000 0.000 0.000 0.000
0.100 0.700 3.000 7.009 0.008 0.186 0.160
0.200 1.402 3.002 7.037 0.031 0.351 0.286
0.300 2.108 3.007 7.079 0.065 0.496 0.381
0.400 2.819 3.015 7.135 0.106 0.622 0.448
0.500 3.536 3.028 7.203 0.153 0.730 0.489
0.600 4.260 3.046 7.281 0.203 0.822 0.508
0.700 4.992 3.069 7.367 0.254 0.900 0.509
0.800 5.733 3.097 7.460 0.305 0.964 0.494
0.900 6.484 3.130 7.559 0.353 1.017 0.466
1.000 7.245 3.167 7.663 0.397 1.060 0.428
1.100 8.017 3.209 7.771 0.434 1.092 0.310
1.200 8.799 3.254 7.881 0.460 1.116 0.216
1.300 9.593 3.301 7.994 0.478 1.131 0.144
1.400 10.398 3.349 8.107 0.490 1.139 0.089
1.500 11.215 3.399 8.221 0.496 1.139 0.051
1.600 12.042 3.448 8.335 0.500 1.134 0.025
1.700 12.882 3.499 8.448 0.502 1.123 0.009
1.800 13.732 3.549 8.559 0.502 1.107 0.001
1.900 14.593 3.599 8.669 0.502 1.086 -0.002
2.000 15.466 3.649 8.776 0.502 1.061 -0.004
2.100 16.349 3.699 8.881 0.502 1.032 -0.003
2.200 17.242 3.749 8.983 0.501 1.000 -0.002
2.300 18.145 3.800 9.081 0.501 0.965 -0.002
2.400 19.058 3.850 9.175 0.501 0.926 -0.001
2.500 19.980 3.900 9.266 0.501 0.886 -0.001
2.600 20.911 3.950 9.352 0.501 0.842 -0.001
2.700 21.850 4.000 9.434 0.500 0.797 -0.001
2.800 22.798 4.050 9.512 0.499 0.750 -0.026
2.900 23.753 4.100 9.584 0.495 0.702 -0.054
3.000 24.714 4.149 9.652 0.488 0.651 -0.082
3.100 25.683 4.197 9.715 0.479 0.600 -0.112
3.200 26.657 4.244 9.772 0.466 0.547 -0.141
3.300 27.637 4.290 9.824 0.450 0.493 -0.170
3.400 28.622 4.334 9.871 0.432 0.438 -0.198
3.500 29.611 4.377 9.912 0.411 0.382 -0.224
3.600 30.604 4.417 9.947 0.387 0.325 -0.248
3.700 31.600 4.454 9.977 0.362 0.268 -0.269
3.800 32.599 4.489 10.000 0.334 0.210 -0.287
3.900 33.600 4.521 10.018 0.304 0.151 -0.302
4.000 34.602 4.550 10.031 0.273 0.092 -0.314
4.100 35.606 4.575 10.037 0.241 0.032 -0.323
4.200 36.610 4.598 10.037 0.209 -0.028 -0.328
4.300 37.613 4.617 10.031 0.176 -0.088 -0.329
4.400 38.616 4.633 10.019 0.143 -0.149 -0.327
4.500 39.617 4.646 10.001 0.111 -0.210 -0.321
4.600 40.616 4.655 9.977 0.079 -0.272 -0.312
4.700 41.612 4.662 9.947 0.048 -0.334 -0.299
4.800 42.605 4.665 9.911 0.019 -0.396 -0.284
4.900 43.594 4.665 9.868 -0.008 -0.458 -0.266
5.000 44.578 4.663 9.819 -0.034 -0.520 -0.247
5.100 45.558 4.659 9.764 -0.058 -0.582 -0.225
5.200 46.531 4.652 9.703 -0.079 -0.645 -0.202
5.300 47.498 4.643 9.635 -0.098 -0.708 -0.178
5.400 48.458 4.632 9.561 -0.115 -0.771 -0.154
5.500 49.410 4.620 9.481 -0.129 -0.833 -0.129
5.600 50.354 4.607 9.394 -0.140 -0.896 -0.104
5.700 51.289 4.592 9.302 -0.149 -0.959 -0.079
5.800 52.214 4.577 9.203 -0.156 -1.022 -0.055
5.900 53.129 4.561 9.097 -0.160 -1.084 -0.031
6.000 54.033 4.545 8.986 -0.162 -1.147 -0.009
6.100 54.926 4.529 8.868 -0.162 -1.209 0.011
6.200 55.806 4.513 8.744 -0.160 -1.272 0.030
6.300 56.674 4.497 8.614 -0.156 -1.333 0.047
6.400 57.529 4.481 8.477 -0.151 -1.395 0.061
6.500 58.369 4.467 8.335 -0.144 -1.456 0.073
6.600 59.196 4.453 8.186 -0.137 -1.517 0.082
6.700 60.006 4.439 8.031 -0.128 -1.577 0.087
6.800 60.802 4.427 7.870 -0.119 -1.637 0.089
6.900 61.580 4.415 7.704 -0.110 -1.696 0.087
7.000 62.342 4.405 7.531 -0.102 -1.754 0.082
7.100 63.086 4.395 7.353 -0.094 -1.811 0.073
7.200 63.813 4.386 7.169 -0.087 -1.866 0.060
7.300 64.520 4.377 6.980 -0.082 -1.921 0.042
7.400 65.208 4.369 6.785 -0.079 -1.974 0.021
7.500 65.877 4.362 6.585 -0.078 -2.026 -0.004
7.600 66.525 4.354 6.380 -0.080 -2.076 -0.033
7.700 67.153 4.346 6.170 -0.085 -2.124 -0.067
7.800 67.759 4.337 5.955 -0.094 -2.170 -0.104
7.900 68.344 4.327 5.736 -0.106 -2.213 -0.143
8.000 68.906 4.315 5.513 -0.122 -2.254 -0.183
8.100 69.446 4.302 5.285 -0.142 -2.291 -0.223
8.200 69.963 4.287 5.054 -0.167 -2.325 -0.263
8.300 70.457 4.269 4.820 -0.195 -2.356 -0.300
8.400 70.927 4.248 4.583 -0.227 -2.382 -0.335
8.500 71.374 4.223 4.344 -0.262 -2.404 -0.362
8.600 71.796 4.195 4.103 -0.299 -2.420 -0.381
8.700 72.194 4.163 3.860 -0.337 -2.431 -0.387
8.800 72.568 4.128 3.617 -0.376 -2.436 -0.375
8.900 72.917 4.088 3.373 -0.412 -2.433 -0.342
9.000 73.243 4.046 3.130 -0.443 -2.424 -0.281
9.100 73.544 4.000 2.889 -0.467 -2.406 -0.189
9.200 73.820 3.952 2.650 -0.482 -2.378 -0.119
9.300 74.074 3.904 2.414 -0.491 -2.341 -0.069
9.400 74.303 3.854 2.182 -0.496 -2.293 -0.035
9.500 74.510 3.805 1.955 -0.499 -2.232 -0.015
9.600 74.695 3.755 1.736 -0.500 -2.157 -0.004
9.700 74.858 3.705 1.524 -0.500 -2.068 -0.001
9.800 75.000 3.655 1.323 -0.500 -1.961 -0.000
9.900 75.122 3.605 1.133 -0.500 -1.837 -0.000
10.000 75.227 3.555 0.956 -0.500 -1.700 0.000
10.100 75.314 3.505 0.793 -0.500 -1.555 0.000
10.200 75.386 3.455 0.645 -0.500 -1.410 0.000
10.300 75.444 3.405 0.511 -0.500 -1.270 0.000
10.400 75.489 3.355 0.390 -0.500 -1.142 0.000
10.500 75.522 3.305 0.282 -0.500 -1.031 0.000
10.600 75.545 3.255 0.183 -0.500 -0.944 -0.000
10.700 75.559 3.205 0.092 -0.500 -0.888 -0.000
10.800 75.564 3.155 0.005 -0.500 -0.867 -0.000
