0.000 0.000 3.000 7.000 0.000 0.000 0.000
0.100 0.702 3.000 7.056 0.014 1.083 0.262
0.200 1.414 3.004 7.209 0.050 1.937 0.459
0.300 2.146 3.011 7.436 0.104 2.575 0.594
0.400 2.903 3.025 7.717 0.167 3.009 0.672
0.500 3.691 3.045 8.032 0.236 3.251 0.696
0.600 4.510 3.072 8.361 0.305 3.313 0.671
0.700 5.363 3.106 8.689 0.369 3.206 0.600
0.800 6.247 3.145 8.997 0.423 2.944 0.486
0.900 7.161 3.190 9.273 0.465 2.537 0.335
1.000 8.100 3.238 9.500 0.489 1.998 0.148
1.100 9.059 3.287 9.672 0.501 1.457 0.095
1.200 10.033 3.338 9.795 0.509 1.023 0.056
1.300 11.017 3.389 9.880 0.513 0.685 0.028
1.400 12.008 3.440 9.935 0.515 0.432 0.010
1.500 13.004 3.492 9.969 0.515 0.250 -0.002
1.600 14.002 3.543 9.987 0.514 0.128 -0.009
1.700 15.001 3.595 9.996 0.513 0.054 -0.013
1.800 16.001 3.646 9.999 0.512 0.016 -0.016
1.900 17.001 3.697 10.000 0.510 0.002 -0.021
2.000 18.001 3.748 10.000 0.508 -0.000 -0.030
2.100 19.001 3.799 10.000 0.505 -0.000 -0.020
2.200 20.001 3.849 10.000 0.504 -0.000 -0.011
2.300 21.001 3.899 10.000 0.503 -0.000 -0.006
2.400 22.001 3.949 10.000 0.502 -0.000 -0.005
2.500 23.001 4.000 10.000 0.502 -0.000 -0.009
2.600 24.001 4.050 10.000 0.497 -0.000 -0.079
2.700 25.001 4.099 10.000 0.486 0.000 -0.135
2.800 26.001 4.147 10.000 0.471 0.000 -0.177
2.900 27.001 4.193 10.000 0.451 0.000 -0.210
3.000 28.001 4.237 10.000 0.429 0.000 -0.234
3.100 29.001 4.279 10.000 0.405 0.000 -0.250
3.200 30.001 4.318 10.000 0.379 0.000 -0.261
3.300 31.001 4.354 10.000 0.352 0.000 -0.267
3.400 32.001 4.388 10.000 0.326 0.000 -0.269
3.500 33.001 4.419 10.000 0.299 0.000 -0.268
3.600 34.001 4.448 10.000 0.272 0.000 -0.264
3.700 35.001 4.474 10.000 0.246 0.000 -0.257
3.800 36.001 4.497 10.000 0.221 0.000 -0.248
3.900 37.001 4.518 10.000 0.196 0.000 -0.239
4.000 38.001 4.537 10.000 0.173 -0.000 -0.229
4.100 39.001 4.553 10.000 0.151 -0.000 -0.218
4.200 40.001 4.567 10.000 0.129 -0.000 -0.206
4.300 41.001 4.579 10.000 0.109 -0.000 -0.195
4.400 42.001 4.589 10.000 0.090 -0.000 -0.183
4.500 43.001 4.597 10.000 0.073 -0.000 -0.171
4.600 44.001 4.603 10.000 0.056 0.000 -0.159
4.700 45.001 4.608 10.000 0.041 0.000 -0.148
4.800 46.001 4.611 10.000 0.027 0.000 -0.137
4.900 47.001 4.613 10.000 0.013 0.000 -0.127
5.000 48.001 4.614 10.000 0.001 -0.000 -0.117
5.100 49.001 4.614 10.000 -0.010 -0.000 -0.108
5.200 50.001 4.612 10.000 -0.020 -0.000 -0.100
5.300 51.001 4.610 10.000 -0.030 -0.000 -0.092
5.400 52.001 4.606 10.000 -0.039 -0.000 -0.086
5.500 53.001 4.602 10.000 -0.047 -0.000 -0.080
5.600 54.001 4.597 10.000 -0.055 0.000 -0.075
5.700 55.001 4.591 10.000 -0.062 0.000 -0.071
5.800 56.001 4.584 10.000 -0.069 0.000 -0.068
5.900 57.001 4.577 10.000 -0.076 0.000 -0.066
6.000 58.001 4.569 10.000 -0.082 -0.000 -0.065
6.100 59.001 4.561 10.000 -0.089 -0.000 -0.066
6.200 60.001 4.551 10.000 -0.096 -0.000 -0.067
6.300 61.001 4.542 10.000 -0.102 -0.000 -0.070
6.400 62.001 4.531 10.000 -0.110 -0.000 -0.073
6.500 63.001 4.520 10.000 -0.117 -0.000 -0.078
6.600 64.001 4.508 10.000 -0.125 0.000 -0.085
6.700 65.001 4.495 10.000 -0.134 0.000 -0.092
6.800 66.001 4.481 10.000 -0.144 0.000 -0.100
6.900 67.001 4.466 10.000 -0.154 0.000 -0.110
7.000 68.001 4.450 10.000 -0.166 -0.000 -0.120
7.100 69.001 4.433 10.000 -0.178 -0.000 -0.132
7.200 70.001 4.414 10.000 -0.192 -0.000 -0.144
7.300 71.001 4.394 10.000 -0.207 -0.000 -0.157
7.400 72.001 4.373 10.000 -0.223 -0.000 -0.171
7.500 73.001 4.349 10.000 -0.241 -0.000 -0.185
7.600 74.001 4.324 10.000 -0.260 -0.000 -0.198
7.700 75.001 4.297 10.000 -0.281 -0.000 -0.210
7.800 76.001 4.268 10.000 -0.302 -0.000 -0.221
7.900 77.001 4.237 10.000 -0.325 -0.000 -0.230
8.000 78.001 4.203 10.000 -0.348 -0.000 -0.236
8.100 79.001 4.167 10.000 -0.372 -0.000 -0.239
8.200 80.001 4.129 10.000 -0.396 -0.000 -0.236
8.300 81.001 4.088 10.000 -0.419 -0.000 -0.226
8.400 82.001 4.045 10.000 -0.441 -0.000 -0.208
8.500 83.001 4.000 10.000 -0.460 -0.000 -0.180
8.600 84.001 3.953 10.000 -0.476 -0.000 -0.141
8.700 85.001 3.905 10.000 -0.488 -0.000 -0.096
8.800 86.001 3.856 10.000 -0.496 -0.000 -0.054
8.900 87.001 3.806 10.000 -0.499 -0.000 -0.019
9.000 88.001 3.756 10.000 -0.500 -0.000 -0.000
9.100 89.001 3.706 10.000 -0.500 -0.000 -0.000
9.200 90.001 3.656 10.000 -0.500 -0.000 -0.000
9.300 91.001 3.606 10.000 -0.500 -0.000 0.000
9.400 92.001 3.556 10.000 -0.500 -0.000 0.000
9.500 93.001 3.506 10.000 -0.500 -0.000 0.000
9.600 94.001 3.456 10.000 -0.500 -0.000 0.000
9.700 95.001 3.406 10.000 -0.500 -0.000 0.000
9.800 96.001 3.356 10.000 -0.500 -0.000 0.000
9.900 97.001 3.306 10.000 -0.500 -0.000 0.000
10.000 98.001 3.256 10.000 -0.500 -0.000 -0.000
