0.000 0.000 3.000 7.000 0.000 0.000 0.000
0.100 0.701 3.000 7.015 0.014 0.299 0.263
0.200 1.404 3.004 7.058 0.051 0.539 0.460
0.300 2.113 3.011 7.122 0.104 0.728 0.596
0.400 2.829 3.025 7.202 0.168 0.870 0.674
0.500 3.554 3.045 7.294 0.237 0.971 0.698
0.600 4.288 3.072 7.395 0.306 1.037 0.673
0.700 5.033 3.106 7.501 0.370 1.074 0.601
0.800 5.788 3.146 7.609 0.425 1.086 0.486
0.900 6.554 3.190 7.717 0.466 1.081 0.333
1.000 7.332 3.238 7.825 0.490 1.063 0.145
1.100 8.119 3.288 7.929 0.502 1.029 0.093
1.200 8.917 3.339 8.030 0.509 0.985 0.054
1.300 9.725 3.390 8.126 0.513 0.934 0.027
1.400 10.542 3.441 8.217 0.515 0.877 0.008
1.500 11.368 3.493 8.301 0.515 0.814 -0.004
1.600 12.202 3.544 8.379 0.514 0.748 -0.011
1.700 13.044 3.595 8.451 0.513 0.680 -0.015
1.800 13.892 3.647 8.515 0.511 0.610 -0.019
1.900 14.747 3.698 8.573 0.509 0.541 -0.024
2.000 15.607 3.748 8.623 0.506 0.473 -0.033
2.100 16.471 3.799 8.667 0.504 0.405 -0.019
2.200 17.340 3.849 8.704 0.502 0.338 -0.009
2.300 18.212 3.899 8.735 0.502 0.273 -0.004
2.400 19.087 3.950 8.759 0.501 0.210 -0.003
2.500 19.963 4.000 8.777 0.501 0.149 -0.005
2.600 20.842 4.050 8.789 0.500 0.089 -0.024
2.700 21.721 4.100 8.795 0.496 0.032 -0.042
2.800 22.601 4.149 8.796 0.491 -0.022 -0.058
2.900 23.480 4.198 8.791 0.485 -0.074 -0.074
3.000 24.359 4.246 8.781 0.476 -0.123 -0.089
3.100 25.236 4.293 8.766 0.467 -0.170 -0.103
3.200 26.112 4.339 8.747 0.456 -0.214 -0.116
3.300 26.985 4.384 8.724 0.444 -0.255 -0.129
3.400 27.856 4.428 8.696 0.430 -0.294 -0.140
3.500 28.724 4.470 8.665 0.416 -0.331 -0.151
3.600 29.589 4.511 8.630 0.400 -0.365 -0.160
3.700 30.450 4.550 8.592 0.384 -0.397 -0.170
3.800 31.307 4.588 8.551 0.366 -0.427 -0.178
3.900 32.160 4.623 8.507 0.348 -0.454 -0.186
4.000 33.009 4.657 8.460 0.329 -0.480 -0.193
4.100 33.852 4.689 8.411 0.309 -0.505 -0.200
4.200 34.691 4.719 8.359 0.289 -0.527 -0.206
4.300 35.524 4.747 8.305 0.268 -0.548 -0.211
4.400 36.352 4.773 8.249 0.247 -0.568 -0.216
4.500 37.174 4.796 8.192 0.225 -0.586 -0.220
4.600 37.990 4.818 8.132 0.203 -0.602 -0.224
4.700 38.800 4.837 8.071 0.180 -0.617 -0.227
4.800 39.604 4.854 8.009 0.158 -0.630 -0.230
4.900 40.402 4.868 7.945 0.135 -0.642 -0.232
5.000 41.193 4.881 7.881 0.111 -0.651 -0.234
5.100 41.978 4.891 7.815 0.088 -0.659 -0.235
5.200 42.756 4.898 7.749 0.064 -0.664 -0.236
5.300 43.528 4.903 7.682 0.041 -0.668 -0.236
5.400 44.293 4.906 7.615 0.017 -0.668 -0.236
5.500 45.051 4.907 7.549 -0.006 -0.666 -0.235
5.600 45.802 4.905 7.482 -0.030 -0.660 -0.234
5.700 46.547 4.901 7.417 -0.053 -0.651 -0.233
5.800 47.286 4.894 7.352 -0.076 -0.638 -0.231
5.900 48.018 4.886 7.289 -0.099 -0.621 -0.229
6.000 48.744 4.875 7.228 -0.122 -0.599 -0.226
6.100 49.464 4.861 7.170 -0.145 -0.572 -0.223
6.200 50.178 4.846 7.114 -0.167 -0.539 -0.220
6.300 50.887 4.828 7.062 -0.189 -0.500 -0.216
6.400 51.590 4.808 7.014 -0.210 -0.454 -0.212
6.500 52.290 4.786 6.971 -0.231 -0.401 -0.207
6.600 52.985 4.762 6.934 -0.251 -0.341 -0.202
6.700 53.677 4.736 6.904 -0.271 -0.272 -0.197
6.800 54.366 4.708 6.880 -0.291 -0.195 -0.191
6.900 55.053 4.678 6.865 -0.309 -0.108 -0.185
7.000 55.739 4.646 6.859 -0.328 -0.012 -0.178
7.100 56.425 4.612 6.863 -0.345 0.094 -0.171
7.200 57.112 4.577 6.878 -0.362 0.210 -0.164
7.300 57.801 4.540 6.905 -0.378 0.338 -0.156
7.400 58.494 4.501 6.946 -0.393 0.476 -0.148
7.500 59.191 4.461 7.001 -0.408 0.624 -0.140
7.600 59.894 4.420 7.071 -0.421 0.781 -0.131
7.700 60.605 4.377 7.157 -0.434 0.947 -0.121
7.800 61.326 4.333 7.261 -0.445 1.121 -0.112
7.900 62.058 4.288 7.382 -0.456 1.302 -0.101
8.000 62.803 4.242 7.521 -0.466 1.491 -0.091
8.100 63.563 4.195 7.680 -0.474 1.683 -0.079
8.200 64.340 4.147 7.858 -0.482 1.876 -0.068
8.300 65.135 4.098 8.055 -0.488 2.066 -0.056
8.400 65.952 4.049 8.271 -0.493 2.251 -0.043
8.500 66.790 4.000 8.505 -0.496 2.425 -0.030
8.600 67.653 3.950 8.756 -0.498 2.584 -0.015
8.700 68.542 3.900 9.021 -0.500 2.720 -0.006
8.800 69.458 3.850 9.299 -0.500 2.829 -0.002
8.900 70.402 3.800 9.586 -0.500 2.907 -0.000
9.000 71.375 3.750 9.879 -0.500 2.949 -0.000
9.100 72.378 3.700 10.174 -0.500 2.951 -0.000
9.200 73.410 3.650 10.468 -0.500 2.931 -0.000
9.300 74.471 3.600 10.760 -0.500 2.893 0.000
9.400 75.562 3.550 11.047 -0.500 2.843 0.000
9.500 76.680 3.500 11.328 -0.500 2.784 0.000
9.600 77.827 3.450 11.603 -0.500 2.723 0.000
9.700 79.001 3.400 11.873 -0.500 2.664 0.000
9.800 80.201 3.350 12.136 -0.500 2.612 0.000
9.900 81.428 3.300 12.396 -0.500 2.572 0.000
10.000 82.680 3.250 12.651 -0.500 2.549 0.000
