0.000 0.000 3.000 7.000 0.000 0.000 0.000
0.100 0.700 3.000 7.002 0.008 0.036 0.160
0.200 1.400 3.002 7.007 0.031 0.068 0.286
0.300 2.102 3.007 7.015 0.064 0.095 0.380
0.400 2.804 3.015 7.026 0.106 0.118 0.447
0.500 3.507 3.028 7.039 0.153 0.138 0.488
0.600 4.211 3.046 7.053 0.203 0.153 0.508
0.700 4.918 3.069 7.069 0.254 0.166 0.509
0.800 5.625 3.097 7.087 0.304 0.176 0.494
0.900 6.335 3.130 7.105 0.352 0.184 0.467
1.000 7.046 3.167 7.123 0.397 0.190 0.431
1.100 7.760 3.209 7.143 0.434 0.194 0.312
1.200 8.475 3.254 7.162 0.460 0.196 0.217
1.300 9.192 3.301 7.182 0.478 0.197 0.144
1.400 9.911 3.349 7.201 0.490 0.196 0.089
1.500 10.632 3.398 7.221 0.497 0.194 0.050
1.600 11.355 3.448 7.240 0.500 0.191 0.025
1.700 12.080 3.498 7.259 0.502 0.188 0.009
1.800 12.807 3.549 7.278 0.502 0.183 0.001
1.900 13.536 3.599 7.296 0.502 0.178 -0.003
2.000 14.266 3.649 7.313 0.502 0.173 -0.005
2.100 14.998 3.699 7.330 0.502 0.166 -0.003
2.200 15.732 3.749 7.347 0.501 0.160 -0.002
2.300 16.468 3.800 7.362 0.501 0.153 -0.002
2.400 17.205 3.850 7.377 0.501 0.146 -0.001
2.500 17.943 3.900 7.391 0.501 0.139 -0.001
2.600 18.683 3.950 7.405 0.501 0.132 -0.001
2.700 19.424 4.000 7.418 0.501 0.125 -0.002
2.800 20.167 4.050 7.430 0.498 0.117 -0.042
2.900 20.910 4.099 7.441 0.492 0.110 -0.077
3.000 21.655 4.148 7.452 0.483 0.102 -0.107
3.100 22.400 4.196 7.462 0.471 0.095 -0.133
3.200 23.147 4.242 7.471 0.457 0.088 -0.155
3.300 23.895 4.287 7.479 0.440 0.081 -0.173
3.400 24.643 4.330 7.487 0.422 0.074 -0.188
3.500 25.392 4.371 7.494 0.403 0.067 -0.200
3.600 26.142 4.411 7.501 0.382 0.061 -0.210
3.700 26.892 4.448 7.506 0.361 0.054 -0.218
3.800 27.643 4.483 7.511 0.339 0.048 -0.223
3.900 28.394 4.516 7.516 0.316 0.042 -0.226
4.000 29.146 4.546 7.520 0.293 0.037 -0.228
4.100 29.898 4.574 7.523 0.270 0.031 -0.229
4.200 30.651 4.600 7.526 0.248 0.026 -0.228
4.300 31.404 4.624 7.529 0.225 0.021 -0.226
4.400 32.156 4.645 7.530 0.202 0.017 -0.223
4.500 32.910 4.664 7.532 0.180 0.012 -0.220
4.600 33.663 4.681 7.533 0.159 0.008 -0.215
4.700 34.416 4.696 7.534 0.137 0.005 -0.210
4.800 35.170 4.709 7.534 0.117 0.001 -0.205
4.900 35.923 4.719 7.534 0.096 -0.002 -0.200
5.000 36.676 4.728 7.533 0.077 -0.005 -0.194
5.100 37.430 4.735 7.533 0.058 -0.007 -0.187
5.200 38.183 4.740 7.532 0.039 -0.009 -0.181
5.300 38.936 4.743 7.531 0.021 -0.011 -0.175
5.400 39.689 4.744 7.530 0.004 -0.013 -0.169
5.500 40.442 4.743 7.528 -0.012 -0.014 -0.162
5.600 41.195 4.741 7.527 -0.028 -0.014 -0.156
5.700 41.947 4.738 7.526 -0.044 -0.015 -0.150
5.800 42.700 4.733 7.524 -0.058 -0.015 -0.144
5.900 43.452 4.726 7.523 -0.072 -0.014 -0.138
6.000 44.204 4.718 7.521 -0.086 -0.013 -0.133
6.100 44.956 4.709 7.520 -0.099 -0.012 -0.127
6.200 45.708 4.698 7.519 -0.111 -0.011 -0.122
6.300 46.460 4.687 7.518 -0.123 -0.008 -0.117
6.400 47.212 4.674 7.517 -0.135 -0.006 -0.112
6.500 47.964 4.660 7.517 -0.146 -0.003 -0.108
6.600 48.715 4.645 7.517 -0.156 0.001 -0.104
6.700 49.467 4.629 7.517 -0.167 0.005 -0.100
6.800 50.219 4.611 7.518 -0.176 0.009 -0.096
6.900 50.971 4.593 7.519 -0.186 0.014 -0.093
7.000 51.723 4.574 7.520 -0.195 0.020 -0.090
7.100 52.475 4.554 7.523 -0.204 0.026 -0.087
7.200 53.227 4.533 7.526 -0.212 0.032 -0.084
7.300 53.980 4.512 7.529 -0.221 0.040 -0.082
7.400 54.733 4.489 7.534 -0.229 0.047 -0.080
7.500 55.487 4.466 7.539 -0.237 0.056 -0.078
7.600 56.241 4.442 7.545 -0.244 0.065 -0.076
7.700 56.996 4.417 7.552 -0.252 0.075 -0.074
7.800 57.751 4.392 7.560 -0.259 0.085 -0.072
7.900 58.508 4.365 7.569 -0.266 0.096 -0.071
8.000 59.265 4.338 7.579 -0.273 0.107 -0.069
8.100 60.023 4.311 7.590 -0.280 0.120 -0.067
8.200 60.783 4.282 7.603 -0.287 0.133 -0.066
8.300 61.544 4.253 7.617 -0.293 0.146 -0.064
8.400 62.306 4.224 7.632 -0.300 0.160 -0.062
8.500 63.070 4.193 7.649 -0.306 0.175 -0.060
8.600 63.836 4.163 7.667 -0.312 0.191 -0.058
8.700 64.604 4.131 7.687 -0.317 0.208 -0.056
8.800 65.374 4.099 7.709 -0.323 0.225 -0.053
8.900 66.146 4.067 7.732 -0.328 0.242 -0.050
9.000 66.920 4.033 7.757 -0.333 0.261 -0.046
9.100 67.697 4.000 7.784 -0.337 0.280 -0.041
9.200 68.477 3.966 7.813 -0.341 0.300 -0.036
9.300 69.260 3.932 7.844 -0.344 0.320 -0.031
9.400 70.046 3.897 7.877 -0.347 0.341 -0.025
9.500 70.836 3.862 7.912 -0.349 0.362 -0.018
9.600 71.629 3.827 7.950 -0.351 0.384 -0.011
9.700 72.426 3.792 7.989 -0.352 0.406 -0.004
9.800 73.227 3.757 8.031 -0.352 0.429 0.003
9.900 74.032 3.722 8.075 -0.351 0.451 0.011
10.000 74.842 3.687 8.121 -0.349 0.474 0.018
10.100 75.656 3.652 8.170 -0.347 0.497 0.026
10.200 76.476 3.618 8.221 -0.344 0.520 0.034
10.300 77.300 3.583 8.274 -0.340 0.542 0.042
10.400 78.130 3.549 8.329 -0.336 0.564 0.049
10.500 78.966 3.516 8.386 -0.331 0.586 0.057
10.600 79.808 3.483 8.446 -0.325 0.606 0.064
10.700 80.655 3.451 8.508 -0.318 0.625 0.071
10.800 81.509 3.420 8.571 -0.310 0.643 0.077
10.900 82.370 3.389 8.636 -0.302 0.660 0.084
11.000 83.237 3.359 8.703 -0.294 0.674 0.089
11.100 84.110 3.331 8.771 -0.284 0.686 0.094
11.200 84.991 3.303 8.840 -0.275 0.695 0.099
11.300 85.878 3.276 8.910 -0.265 0.701 0.103
11.400 86.773 3.250 8.980 -0.254 0.704 0.106
11.500 87.674 3.225 9.051 -0.244 0.704 0.108
11.600 88.583 3.201 9.121 -0.233 0.701 0.110
11.700 89.499 3.178 9.191 -0.222 0.694 0.111
11.800 90.421 3.157 9.260 -0.211 0.684 0.111
11.900 91.351 3.136 9.327 -0.199 0.672 0.111
12.000 92.287 3.117 9.394 -0.188 0.658 0.110
12.100 93.229 3.098 9.459 -0.177 0.643 0.109
12.200 94.178 3.081 9.522 -0.167 0.628 0.107
12.300 95.134 3.065 9.584 -0.156 0.613 0.106
12.400 96.095 3.050 9.645 -0.146 0.599 0.104
12.500 97.063 3.036 9.704 -0.135 0.588 0.103
12.600 98.036 3.023 9.763 -0.125 0.578 0.102
12.700 99.015 3.011 9.820 -0.115 0.572 0.101
12.800 100.000 3.000 9.877 -0.105 0.569 0.101
