0.000 0.000 3.000 7.000 0.000 0.000 0.000
0.100 0.700 3.000 7.011 0.014 0.218 0.262
0.200 1.403 3.004 7.043 0.050 0.411 0.460
0.300 2.110 3.011 7.093 0.104 0.580 0.597
0.400 2.822 3.025 7.158 0.168 0.725 0.676
0.500 3.542 3.045 7.237 0.237 0.849 0.702
0.600 4.270 3.072 7.327 0.306 0.952 0.677
0.700 5.007 3.106 7.427 0.371 1.037 0.605
0.800 5.755 3.146 7.534 0.426 1.103 0.490
0.900 6.514 3.191 7.647 0.468 1.154 0.335
1.000 7.285 3.239 7.764 0.492 1.189 0.143
1.100 8.067 3.289 7.884 0.503 1.209 0.089
1.200 8.862 3.339 8.006 0.510 1.217 0.049
1.300 9.668 3.391 8.127 0.513 1.213 0.021
1.400 10.487 3.442 8.248 0.515 1.198 0.003
1.500 11.318 3.493 8.366 0.514 1.173 -0.008
1.600 12.160 3.545 8.482 0.513 1.139 -0.014
1.700 13.014 3.596 8.594 0.512 1.097 -0.016
1.800 13.879 3.647 8.701 0.510 1.047 -0.018
1.900 14.754 3.698 8.803 0.508 0.992 -0.022
2.000 15.639 3.749 8.899 0.505 0.932 -0.030
2.100 16.534 3.799 8.989 0.503 0.867 -0.016
2.200 17.437 3.849 9.073 0.502 0.798 -0.008
2.300 18.348 3.900 9.149 0.501 0.726 -0.003
2.400 19.267 3.950 9.218 0.501 0.653 -0.002
2.500 20.191 4.000 9.279 0.501 0.577 -0.005
2.600 21.122 4.050 9.333 0.499 0.501 -0.030
2.700 22.058 4.100 9.380 0.495 0.425 -0.052
2.800 22.998 4.149 9.418 0.489 0.348 -0.072
2.900 23.941 4.197 9.449 0.481 0.272 -0.090
3.000 24.887 4.245 9.473 0.471 0.197 -0.106
3.100 25.836 4.291 9.489 0.459 0.123 -0.121
3.200 26.785 4.337 9.497 0.447 0.050 -0.134
3.300 27.735 4.381 9.499 0.433 -0.022 -0.145
3.400 28.684 4.423 9.493 0.418 -0.092 -0.156
3.500 29.633 4.464 9.480 0.402 -0.160 -0.165
3.600 30.580 4.503 9.461 0.385 -0.226 -0.173
3.700 31.525 4.541 9.435 0.367 -0.291 -0.180
3.800 32.467 4.577 9.403 0.349 -0.353 -0.186
3.900 33.406 4.611 9.365 0.330 -0.413 -0.192
4.000 34.340 4.643 9.320 0.310 -0.471 -0.197
4.100 35.269 4.673 9.271 0.291 -0.526 -0.201
4.200 36.194 4.701 9.215 0.270 -0.579 -0.204
4.300 37.112 4.727 9.155 0.250 -0.630 -0.208
4.400 38.025 4.751 9.089 0.229 -0.678 -0.210
4.500 38.930 4.773 9.019 0.208 -0.724 -0.212
4.600 39.828 4.792 8.945 0.186 -0.767 -0.214
4.700 40.719 4.810 8.866 0.165 -0.807 -0.215
4.800 41.601 4.825 8.783 0.143 -0.845 -0.216
4.900 42.475 4.839 8.697 0.122 -0.880 -0.217
5.000 43.341 4.850 8.608 0.100 -0.912 -0.218
5.100 44.197 4.859 8.515 0.078 -0.941 -0.218
5.200 45.044 4.865 8.419 0.056 -0.968 -0.218
5.300 45.881 4.870 8.321 0.035 -0.992 -0.217
5.400 46.708 4.872 8.221 0.013 -1.013 -0.216
5.500 47.525 4.873 8.119 -0.009 -1.032 -0.216
5.600 48.331 4.871 8.015 -0.030 -1.047 -0.215
5.700 49.128 4.866 7.909 -0.052 -1.060 -0.213
5.800 49.913 4.860 7.803 -0.073 -1.070 -0.212
5.900 50.688 4.852 7.696 -0.094 -1.077 -0.210
6.000 51.452 4.841 7.588 -0.115 -1.082 -0.208
6.100 52.206 4.829 7.479 -0.136 -1.084 -0.206
6.200 52.948 4.814 7.371 -0.156 -1.082 -0.204
6.300 53.680 4.798 7.263 -0.176 -1.079 -0.201
6.400 54.401 4.779 7.155 -0.196 -1.072 -0.199
6.500 55.111 4.759 7.048 -0.216 -1.063 -0.196
6.600 55.810 4.736 6.943 -0.235 -1.052 -0.192
6.700 56.500 4.711 6.838 -0.254 -1.038 -0.189
6.800 57.178 4.685 6.735 -0.273 -1.022 -0.185
6.900 57.847 4.657 6.634 -0.291 -1.003 -0.181
7.000 58.505 4.627 6.535 -0.309 -0.982 -0.176
7.100 59.154 4.595 6.438 -0.327 -0.959 -0.172
7.200 59.793 4.561 6.343 -0.344 -0.934 -0.167
7.300 60.422 4.526 6.251 -0.360 -0.907 -0.161
7.400 61.043 4.489 6.162 -0.376 -0.878 -0.155
7.500 61.655 4.451 6.075 -0.391 -0.848 -0.148
7.600 62.258 4.411 5.992 -0.405 -0.816 -0.141
7.700 62.853 4.370 5.912 -0.419 -0.784 -0.134
7.800 63.441 4.327 5.835 -0.432 -0.750 -0.125
7.900 64.020 4.284 5.762 -0.444 -0.716 -0.116
8.000 64.593 4.239 5.692 -0.455 -0.681 -0.106
8.100 65.159 4.193 5.626 -0.466 -0.646 -0.096
8.200 65.718 4.146 5.563 -0.475 -0.612 -0.084
8.300 66.272 4.098 5.504 -0.482 -0.578 -0.071
8.400 66.819 4.049 5.447 -0.489 -0.545 -0.057
8.500 67.361 4.000 5.394 -0.494 -0.514 -0.042
8.600 67.898 3.950 5.345 -0.497 -0.485 -0.025
8.700 68.430 3.901 5.297 -0.499 -0.458 -0.012
8.800 68.958 3.851 5.253 -0.500 -0.434 -0.005
8.900 69.481 3.801 5.211 -0.500 -0.412 -0.001
9.000 70.000 3.751 5.170 -0.500 -0.392 -0.000
9.100 70.515 3.701 5.132 -0.500 -0.372 0.000
9.200 71.027 3.651 5.096 -0.500 -0.355 0.000
9.300 71.534 3.601 5.061 -0.500 -0.339 0.000
9.400 72.039 3.551 5.028 -0.500 -0.326 0.000
9.500 72.540 3.501 4.996 -0.500 -0.315 0.000
9.600 73.038 3.451 4.965 -0.500 -0.307 0.000
9.700 73.533 3.401 4.935 -0.500 -0.300 0.000
9.800 74.025 3.351 4.905 -0.500 -0.296 0.000
9.900 74.514 3.301 4.875 -0.500 -0.294 0.000
10.000 75.000 3.251 4.846 -0.500 -0.295 0.000
