0.000 0.000 2.000 1.000 0.000 0.500 0.000
0.100 0.102 2.000 1.024 0.002 -0.002 0.045
0.200 0.203 2.001 1.004 0.009 -0.378 0.075
0.300 0.301 2.002 0.952 0.017 -0.639 0.091
0.400 0.393 2.004 0.879 0.026 -0.799 0.097
0.500 0.477 2.007 0.795 0.036 -0.869 0.095
0.600 0.552 2.011 0.708 0.045 -0.861 0.086
0.700 0.619 2.016 0.625 0.053 -0.788 0.073
0.800 0.677 2.022 0.552 0.060 -0.661 0.058
0.900 0.730 2.028 0.494 0.065 -0.493 0.044
1.000 0.777 2.035 0.455 0.068 -0.295 0.033
1.100 0.821 2.042 0.437 0.071 -0.067 0.018
1.200 0.865 2.049 0.442 0.072 0.181 0.003
1.300 0.910 2.056 0.473 0.072 0.441 -0.013
1.400 0.960 2.063 0.530 0.069 0.705 -0.029
1.500 1.017 2.070 0.614 0.066 0.965 -0.045
1.600 1.084 2.076 0.723 0.061 1.213 -0.059
1.700 1.163 2.082 0.856 0.054 1.442 -0.071
1.800 1.256 2.087 1.010 0.046 1.643 -0.081
1.900 1.366 2.091 1.183 0.038 1.810 -0.087
2.000 1.493 2.095 1.371 0.029 1.933 -0.090
2.100 1.640 2.097 1.568 0.020 2.000 -0.083
2.200 1.807 2.099 1.768 0.013 2.000 -0.060
2.300 1.994 2.100 1.968 0.008 2.000 -0.041
2.400 2.200 2.100 2.168 0.005 2.000 -0.027
2.500 2.427 2.101 2.368 0.003 2.000 -0.016
2.600 2.674 2.101 2.568 0.001 2.000 -0.009
2.700 2.941 2.101 2.768 0.001 2.000 -0.004
2.800 3.228 2.101 2.968 0.001 2.000 -0.001
2.900 3.534 2.101 3.168 0.001 2.000 0.000
3.000 3.861 2.101 3.368 0.001 2.000 0.000
3.100 4.208 2.101 3.568 0.001 2.000 -0.000
3.200 4.575 2.101 3.768 0.001 1.995 -0.000
3.300 4.962 2.101 3.967 0.000 1.979 -0.001
3.400 5.368 2.101 4.163 0.000 1.954 -0.001
3.500 5.794 2.101 4.357 0.000 1.919 -0.000
3.600 6.239 2.101 4.547 0.000 1.876 -0.000
3.700 6.703 2.102 4.732 0.000 1.825 -0.000
3.800 7.186 2.102 4.911 0.000 1.766 -0.000
3.900 7.685 2.102 5.085 0.000 1.700 -0.000
4.000 8.202 2.102 5.251 0.000 1.628 -0.000
4.100 8.735 2.102 5.410 0.000 1.550 -0.000
4.200 9.284 2.102 5.562 0.000 1.475 -0.000
4.300 9.847 2.102 5.705 0.000 1.399 -0.000
4.400 10.425 2.102 5.841 0.000 1.323 -0.000
4.500 11.016 2.102 5.970 0.000 1.249 -0.000
4.600 11.619 2.102 6.091 0.000 1.176 -0.000
4.700 12.234 2.102 6.205 0.000 1.105 -0.000
4.800 12.859 2.102 6.312 0.000 1.037 -0.000
4.900 13.496 2.102 6.413 0.000 0.972 -0.000
5.000 14.142 2.102 6.507 0.000 0.911 -0.000
5.100 14.797 2.102 6.595 0.000 0.854 -0.000
5.200 15.461 2.102 6.678 0.000 0.801 -0.000
5.300 16.132 2.102 6.755 0.000 0.753 -0.000
5.400 16.812 2.102 6.828 0.000 0.709 -0.000
5.500 17.498 2.102 6.897 0.000 0.672 -0.000
5.600 18.191 2.102 6.963 0.000 0.640 -0.000
5.700 18.890 2.102 7.026 0.000 0.614 -0.000
5.800 19.596 2.102 7.086 0.000 0.595 0.000
5.900 20.307 2.102 7.145 0.000 0.584 0.000
6.000 21.025 2.102 7.203 0.000 0.580 0.000
