0.000 0.000 1.200 5.000 0.000 0.000 0.000
0.100 0.500 1.201 5.000 0.028 0.009 0.514
0.200 1.000 1.207 5.001 0.097 -0.006 0.826
0.300 1.500 1.221 4.998 0.188 -0.044 0.971
0.400 2.000 1.245 4.991 0.286 -0.100 0.980
0.500 2.498 1.278 4.978 0.380 -0.172 0.886
0.600 2.995 1.321 4.957 0.461 -0.257 0.722
0.700 3.489 1.370 4.926 0.524 -0.350 0.519
0.800 3.980 1.425 4.886 0.565 -0.448 0.309
0.900 4.466 1.482 4.837 0.586 -0.549 0.126
1.000 4.947 1.541 4.777 0.592 -0.649 0.000
1.100 5.421 1.600 4.707 0.590 -0.745 -0.031
1.200 5.888 1.659 4.628 0.586 -0.834 -0.040
1.300 6.346 1.718 4.540 0.583 -0.912 -0.035
1.400 6.796 1.776 4.446 0.580 -0.978 -0.020
1.500 7.235 1.834 4.345 0.579 -1.027 0.000
1.600 7.665 1.892 4.241 0.580 -1.058 0.020
1.700 8.083 1.950 4.135 0.583 -1.068 0.035
1.800 8.492 2.008 4.028 0.586 -1.054 0.040
1.900 8.889 2.067 3.925 0.590 -1.013 0.030
2.000 9.277 2.126 3.827 0.592 -0.943 -0.000
2.100 9.655 2.185 3.736 0.590 -0.883 -0.032
2.200 10.024 2.244 3.650 0.586 -0.830 -0.045
2.300 10.385 2.302 3.569 0.581 -0.784 -0.044
2.400 10.738 2.360 3.493 0.578 -0.747 -0.032
2.500 11.084 2.418 3.420 0.575 -0.719 -0.014
2.600 11.422 2.475 3.349 0.575 -0.700 0.007
2.700 11.753 2.533 3.279 0.577 -0.693 0.026
2.800 12.078 2.591 3.210 0.580 -0.696 0.040
2.900 12.395 2.649 3.140 0.584 -0.712 0.045
3.000 12.706 2.708 3.067 0.588 -0.740 0.036
3.100 13.009 2.766 2.992 0.568 -0.769 -0.404
3.200 13.304 2.820 2.914 0.514 -0.793 -0.663
3.300 13.591 2.868 2.834 0.440 -0.805 -0.798
3.400 13.871 2.908 2.753 0.356 -0.798 -0.865
3.500 14.142 2.939 2.675 0.267 -0.765 -0.919
3.600 14.406 2.961 2.602 0.171 -0.698 -1.017
3.700 14.663 2.973 2.537 0.060 -0.592 -1.214
3.800 14.913 2.973 2.476 -0.048 -0.582 -0.888
3.900 15.158 2.965 2.427 -0.110 -0.380 -0.314
4.000 15.400 2.953 2.403 -0.107 -0.090 0.377
4.100 15.640 2.945 2.408 -0.035 0.182 1.047
4.200 15.882 2.948 2.435 0.097 0.333 1.555
4.300 16.127 2.966 2.467 0.266 0.257 1.762
4.400 16.375 3.001 2.476 0.435 -0.150 1.528
4.500 16.621 3.049 2.458 0.493 0.154 -0.296
4.600 16.871 3.096 2.575 0.462 2.038 -0.327
4.700 17.141 3.141 2.843 0.428 3.212 -0.346
4.800 17.443 3.182 3.196 0.393 3.754 -0.356
4.900 17.781 3.220 3.575 0.357 3.731 -0.358
5.000 18.157 3.254 3.926 0.322 3.210 -0.352
5.100 18.564 3.284 4.203 0.287 2.258 -0.341
5.200 18.993 3.311 4.365 0.254 0.941 -0.326
5.300 19.432 3.335 4.381 0.222 -0.672 -0.307
5.400 19.864 3.355 4.223 0.192 -2.516 -0.287
5.500 20.270 3.373 3.872 0.165 -4.523 -0.265
5.600 20.635 3.388 3.421 0.139 -4.483 -0.242
5.700 20.955 3.401 2.977 0.116 -4.377 -0.219
5.800 21.231 3.412 2.547 0.095 -4.210 -0.196
5.900 21.465 3.420 2.137 0.077 -3.982 -0.172
6.000 21.659 3.427 1.753 0.061 -3.692 -0.149
6.100 21.816 3.433 1.401 0.047 -3.342 -0.127
6.200 21.940 3.437 1.087 0.035 -2.930 -0.106
6.300 22.035 3.440 0.817 0.026 -2.457 -0.087
6.400 22.105 3.442 0.597 0.018 -1.922 -0.069
6.500 22.156 3.443 0.434 0.012 -1.327 -0.053
6.600 22.194 3.444 0.314 0.007 -1.068 -0.038
6.700 22.220 3.445 0.218 0.004 -0.854 -0.026
6.800 22.238 3.445 0.142 0.002 -0.681 -0.016
6.900 22.249 3.445 0.081 0.001 -0.548 -0.010
7.000 22.254 3.445 0.031 0.000 -0.450 -0.005
7.100 22.255 3.445 -0.010 -0.000 -0.385 -0.003
7.200 22.253 3.445 -0.047 -0.000 -0.350 -0.001
7.300 22.246 3.445 -0.081 -0.000 -0.342 0.000
7.400 22.236 3.445 -0.116 -0.000 -0.357 0.001
