0.000 0.000 2.000 1.000 0.000 0.500 0.000
0.100 0.102 2.000 1.030 0.005 0.113 0.088
0.200 0.205 2.001 1.025 0.017 -0.200 0.148
0.300 0.306 2.004 0.992 0.033 -0.444 0.183
0.400 0.403 2.008 0.938 0.053 -0.627 0.198
0.500 0.493 2.014 0.869 0.073 -0.756 0.198
0.600 0.576 2.022 0.789 0.092 -0.837 0.186
0.700 0.651 2.032 0.703 0.109 -0.879 0.167
0.800 0.716 2.044 0.614 0.125 -0.887 0.145
0.900 0.773 2.057 0.526 0.138 -0.869 0.124
1.000 0.822 2.072 0.441 0.150 -0.832 0.109
1.100 0.862 2.087 0.361 0.160 -0.773 0.087
1.200 0.894 2.104 0.287 0.167 -0.701 0.064
1.300 0.919 2.121 0.221 0.173 -0.618 0.040
1.400 0.939 2.138 0.163 0.175 -0.529 0.015
1.500 0.952 2.156 0.115 0.176 -0.436 -0.009
1.600 0.962 2.173 0.076 0.174 -0.344 -0.032
1.700 0.968 2.190 0.046 0.169 -0.256 -0.053
1.800 0.971 2.207 0.025 0.163 -0.175 -0.073
1.900 0.973 2.223 0.011 0.155 -0.105 -0.091
2.000 0.974 2.238 0.003 0.145 -0.050 -0.105
2.100 0.974 2.252 0.000 0.134 -0.013 -0.111
2.200 0.974 2.265 -0.001 0.123 -0.005 -0.109
2.300 0.974 2.276 -0.001 0.112 0.008 -0.104
2.400 0.974 2.287 0.001 0.102 0.027 -0.097
2.500 0.974 2.297 0.005 0.093 0.056 -0.089
2.600 0.975 2.306 0.013 0.084 0.097 -0.080
2.700 0.977 2.314 0.025 0.077 0.153 -0.072
2.800 0.980 2.321 0.044 0.070 0.227 -0.064
2.900 0.986 2.328 0.071 0.064 0.323 -0.058
3.000 0.995 2.334 0.109 0.058 0.442 -0.055
3.100 1.008 2.340 0.159 0.053 0.554 -0.051
3.200 1.027 2.345 0.220 0.048 0.672 -0.049
3.300 1.052 2.349 0.293 0.043 0.793 -0.050
3.400 1.086 2.353 0.379 0.038 0.915 -0.052
3.500 1.129 2.357 0.476 0.033 1.036 -0.055
3.600 1.182 2.360 0.586 0.027 1.152 -0.056
3.700 1.246 2.362 0.707 0.021 1.263 -0.056
3.800 1.323 2.364 0.838 0.016 1.364 -0.054
3.900 1.414 2.365 0.979 0.011 1.455 -0.048
4.000 1.519 2.366 1.128 0.006 1.532 -0.037
4.100 1.640 2.367 1.285 0.004 1.590 -0.014
4.200 1.776 2.367 1.446 0.003 1.627 -0.010
4.300 1.929 2.367 1.610 0.002 1.647 -0.007
4.400 2.098 2.367 1.775 0.001 1.653 -0.005
4.500 2.284 2.367 1.940 0.001 1.645 -0.003
4.600 2.486 2.367 2.103 0.000 1.626 -0.002
4.700 2.705 2.367 2.265 0.000 1.598 -0.001
4.800 2.939 2.367 2.423 0.000 1.562 -0.000
4.900 3.189 2.368 2.577 0.000 1.521 -0.000
5.000 3.454 2.368 2.727 0.000 1.475 -0.000
5.100 3.734 2.368 2.872 0.000 1.428 -0.000
5.200 4.029 2.368 3.012 0.000 1.377 -0.000
5.300 4.337 2.368 3.147 0.000 1.324 -0.000
5.400 4.658 2.368 3.277 0.000 1.270 -0.000
5.500 4.992 2.368 3.401 0.000 1.216 -0.000
5.600 5.338 2.368 3.520 0.000 1.161 -0.000
5.700 5.696 2.368 3.633 0.000 1.106 -0.000
5.800 6.064 2.368 3.741 0.000 1.051 -0.000
5.900 6.444 2.368 3.844 0.000 0.998 -0.000
6.000 6.833 2.368 3.941 0.000 0.946 -0.000
6.100 7.232 2.368 4.033 0.000 0.895 -0.000
6.200 7.639 2.368 4.120 0.000 0.847 -0.000
6.300 8.056 2.368 4.202 0.000 0.802 -0.000
6.400 8.480 2.368 4.281 0.000 0.761 -0.000
6.500 8.912 2.368 4.355 0.000 0.724 -0.000
6.600 9.351 2.368 4.426 0.000 0.692 -0.000
6.700 9.797 2.368 4.494 0.000 0.666 -0.000
6.800 10.249 2.368 4.559 0.000 0.647 0.000
6.900 10.708 2.368 4.623 0.000 0.634 0.000
7.000 11.174 2.368 4.686 0.000 0.630 0.000
