0.000 0.000 2.000 1.000 0.000 0.500 0.000
0.100 0.102 2.000 1.031 0.000 0.136 0.007
0.200 0.205 2.000 1.029 0.001 -0.160 0.011
0.300 0.307 2.000 1.001 0.002 -0.393 0.013
0.400 0.405 2.001 0.953 0.004 -0.571 0.014
0.500 0.497 2.001 0.889 0.005 -0.699 0.014
0.600 0.582 2.002 0.814 0.007 -0.784 0.012
0.700 0.660 2.002 0.733 0.008 -0.832 0.010
0.800 0.729 2.003 0.649 0.009 -0.849 0.008
0.900 0.789 2.004 0.564 0.009 -0.841 0.005
1.000 0.842 2.005 0.481 0.010 -0.816 0.004
1.100 0.886 2.006 0.402 0.010 -0.769 0.001
1.200 0.922 2.007 0.328 0.010 -0.710 -0.001
1.300 0.951 2.008 0.260 0.010 -0.640 -0.004
1.400 0.974 2.009 0.200 0.009 -0.562 -0.006
1.500 0.992 2.010 0.148 0.009 -0.480 -0.009
1.600 1.004 2.011 0.104 0.008 -0.396 -0.011
1.700 1.013 2.011 0.069 0.006 -0.313 -0.013
1.800 1.018 2.012 0.042 0.005 -0.235 -0.014
1.900 1.021 2.012 0.022 0.004 -0.164 -0.014
2.000 1.023 2.013 0.008 0.002 -0.103 -0.014
2.100 1.023 2.013 0.001 0.001 -0.055 -0.012
2.200 1.023 2.013 -0.003 -0.000 -0.026 -0.007
2.300 1.023 2.013 -0.005 -0.001 -0.004 -0.003
2.400 1.022 2.013 -0.004 -0.001 0.018 -0.001
2.500 1.022 2.013 -0.001 -0.001 0.043 0.001
2.600 1.022 2.013 0.005 -0.001 0.077 0.001
2.700 1.023 2.013 0.015 -0.000 0.125 0.001
2.800 1.025 2.013 0.031 -0.000 0.192 0.001
2.900 1.029 2.012 0.054 -0.000 0.282 0.001
3.000 1.036 2.012 0.088 -0.000 0.401 0.002
3.100 1.047 2.012 0.134 0.000 0.514 0.001
3.200 1.064 2.012 0.191 0.000 0.634 0.000
3.300 1.086 2.012 0.261 0.000 0.758 -0.000
3.400 1.116 2.013 0.343 0.000 0.884 -0.000
3.500 1.155 2.013 0.437 0.000 1.009 -0.000
3.600 1.204 2.013 0.544 0.000 1.131 -0.000
3.700 1.264 2.013 0.663 -0.000 1.246 -0.000
3.800 1.337 2.013 0.793 -0.000 1.353 -0.000
3.900 1.423 2.013 0.933 -0.000 1.448 0.000
4.000 1.524 2.013 1.082 -0.000 1.529 0.000
4.100 1.640 2.013 1.239 0.000 1.592 0.004
4.200 1.772 2.013 1.400 0.001 1.632 0.003
4.300 1.920 2.013 1.565 0.001 1.655 0.001
4.400 2.085 2.013 1.731 0.001 1.663 0.001
4.500 2.266 2.013 1.897 0.001 1.657 0.000
4.600 2.464 2.013 2.062 0.001 1.640 0.000
4.700 2.679 2.013 2.224 0.001 1.612 0.000
4.800 2.909 2.013 2.384 0.001 1.577 0.001
4.900 3.155 2.013 2.540 0.001 1.536 0.001
5.000 3.417 2.013 2.691 0.001 1.491 0.000
5.100 3.693 2.013 2.838 0.001 1.444 -0.000
5.200 3.984 2.013 2.979 0.001 1.392 -0.001
5.300 4.289 2.014 3.116 0.001 1.340 -0.001
5.400 4.607 2.014 3.247 0.001 1.285 -0.001
5.500 4.938 2.014 3.373 0.001 1.230 -0.001
5.600 5.282 2.014 3.493 0.001 1.175 -0.001
5.700 5.637 2.014 3.608 0.001 1.119 -0.001
5.800 6.003 2.014 3.717 0.000 1.064 -0.000
5.900 6.380 2.014 3.821 0.000 1.010 -0.000
6.000 6.767 2.014 3.919 0.000 0.957 -0.000
6.100 7.164 2.014 4.012 0.000 0.906 -0.000
6.200 7.569 2.014 4.101 0.000 0.858 -0.000
6.300 7.984 2.014 4.184 0.000 0.812 -0.001
6.400 8.406 2.014 4.263 0.000 0.771 -0.001
6.500 8.836 2.014 4.338 0.000 0.733 -0.000
6.600 9.274 2.014 4.410 0.000 0.701 -0.000
6.700 9.718 2.014 4.479 0.000 0.675 0.000
6.800 10.169 2.014 4.545 0.000 0.655 0.000
6.900 10.627 2.014 4.610 0.000 0.642 0.001
7.000 11.091 2.014 4.674 0.000 0.638 0.001
